#Level parent -> value, support, transactions
#L1 root -> 0.14, 2, [70, 97]
#L2 0.14 -> 2.5, 2, [70, 97]
#L1 root -> 0.17, 5, [20, 43, 51, 95, 134]
#L2 0.17 -> 2.91, 2, [51, 51]
#L1 root -> 0.19, 2, [59, 64]
#L2 0.19 -> 2.87, 2, [59, 64]
#L1 root -> 0.2, 2, [40, 56]
#L1 root -> 0.21, 6, [48, 55, 72, 74, 125, 131]
#L2 0.21 -> 985.0, 2, [48, 74]
#L1 root -> 0.22, 6, [10, 11, 32, 52, 85, 151]
#L2 0.22 -> 1.25, 2, [11, 151]
#L1 root -> 0.24, 7, [4, 21, 77, 99, 111, 132, 152]
#L1 root -> 0.25, 2, [22, 94]
#L1 root -> 0.26, 11, [2, 12, 24, 30, 36, 57, 67, 82, 101, 112, 153]
#L2 0.26 -> 1.04, 2, [30, 36]
#L1 root -> 0.27, 8, [23, 28, 42, 47, 68, 73, 133, 170]
#L2 0.27 -> 1.04, 2, [47, 68]
#L2 0.27 -> 1.11, 2, [23, 170]
#L2 0.27 -> 1035.0, 2, [23, 42]
#L1 root -> 0.28, 5, [1, 25, 39, 45, 60]
#L1 root -> 0.29, 10, [9, 13, 15, 31, 35, 38, 98, 102, 110, 145]
#L2 0.29 -> 2.9, 2, [13, 98]
#L1 root -> 0.3, 8, [3, 7, 16, 46, 81, 86, 117, 124]
#L2 0.3 -> 1.46, 2, [16, 86]
#L2 0.3 -> 3.33, 2, [46, 117]
#L1 root -> 0.31, 2, [8, 58]
#L1 root -> 0.32, 9, [19, 44, 49, 50, 53, 63, 96, 105, 121]
#L2 0.32 -> 1.23, 2, [19, 63]
#L1 root -> 0.34, 9, [6, 27, 37, 41, 76, 103, 118, 147, 150]
#L2 0.34 -> 1.33, 2, [147, 150]
#L2 0.34 -> 3.38, 2, [41, 103]
#L1 root -> 0.37, 8, [29, 66, 71, 104, 107, 120, 126, 142]
#L2 0.37 -> 3.05, 2, [71, 120]
#L2 0.37 -> 3.4, 2, [29, 107]
#L1 root -> 0.39, 5, [5, 54, 109, 127, 169]
#L2 0.39 -> 2.93, 2, [5, 54]
#L1 root -> 0.4, 8, [18, 83, 88, 129, 147, 164, 168, 171]
#L2 0.4 -> 0.68, 2, [147, 164]
#L2 0.4 -> 1.75, 2, [164, 168]
#L1 root -> 0.41, 2, [61, 165]
#L1 root -> 0.42, 6, [33, 60, 69, 90, 114, 130]
#L1 root -> 0.43, 11, [14, 78, 80, 87, 115, 119, 123, 146, 167, 175, 176]
#L2 0.43 -> 0.7, 2, [119, 175]
#L2 0.43 -> 1.56, 4, [87, 167, 175, 176]
#L1 root -> 0.45, 3, [65, 100, 149]
#L1 root -> 0.47, 6, [26, 122, 137, 144, 148, 166]
#L1 root -> 0.48, 6, [89, 108, 139, 152, 157, 172]
#L2 0.48 -> 0.57, 2, [157, 172]
#L2 0.48 -> 0.88, 2, [108, 139]
#L2 0.48 -> 1.63, 2, [108, 172]
#L2 0.48 -> 480.0, 2, [152, 157]
#L1 root -> 0.5, 7, [34, 92, 141, 142, 143, 161, 162]
#L2 0.5 -> 520.0, 2, [143, 161]
#L1 root -> 0.52, 6, [91, 116, 143, 160, 166, 174]
#L2 0.52 -> 520.0, 2, [143, 166]
#L1 root -> 0.53, 7, [62, 137, 140, 141, 155, 159, 177]
#L2 0.53 -> 0.75, 2, [137, 141]
#L1 root -> 0.55, 4, [69, 143, 146, 149]
#L1 root -> 0.56, 4, [154, 161, 162, 178]
#L1 root -> 0.57, 6, [60, 150, 157, 159, 160, 172]
#L1 root -> 0.58, 8, [93, 128, 135, 139, 147, 155, 155, 158]
#L2 0.58 -> 1.55, 2, [155, 155]
#L3 1.55 -> 640.0, 2, [155, 155]
#L2 0.58 -> 640.0, 2, [155, 155]
#L1 root -> 0.59, 2, [151, 176]
#L1 root -> 0.6, 9, [113, 135, 138, 140, 146, 156, 163, 163, 177]
#L2 0.6 -> 0.87, 2, [163, 163]
#L3 0.87 -> 2.11, 2, [163, 163]
#L4 2.11 -> 570.0, 2, [163, 163]
#L2 0.6 -> 0.96, 2, [163, 163]
#L3 0.96 -> 5.58, 2, [163, 163]
#L4 5.58 -> 0.87, 2, [163, 163]
#L5 0.87 -> 2.11, 2, [163, 163]
#L6 2.11 -> 570.0, 2, [163, 163]
#L2 0.6 -> 2.11, 2, [163, 163]
#L3 2.11 -> 570.0, 2, [163, 163]
#L2 0.6 -> 5.58, 2, [163, 163]
#L3 5.58 -> 0.87, 2, [163, 163]
#L4 0.87 -> 2.11, 2, [163, 163]
#L5 2.11 -> 570.0, 2, [163, 163]
#L2 0.6 -> 570.0, 2, [163, 163]
#L1 root -> 0.61, 6, [84, 153, 154, 156, 174, 178]
#L1 root -> 0.62, 2, [62, 173]
#L1 root -> 0.63, 5, [61, 136, 138, 156, 158]
#L1 root -> 0.64, 3, [142, 172, 174]
#L1 root -> 0.65, 2, [145, 148]
#L1 root -> 0.66, 5, [106, 133, 136, 168, 171]
#L1 root -> 0.67, 2, [158, 170]
#L1 root -> 0.68, 4, [147, 164, 165, 177]
#L1 root -> 0.69, 2, [127, 176]
#L1 root -> 0.7, 6, [119, 142, 164, 165, 173, 175]
#L1 root -> 0.73, 4, [63, 124, 136, 171]
#L1 root -> 0.74, 3, [114, 132, 169]
#L1 root -> 0.75, 6, [111, 125, 135, 137, 141, 175]
#L1 root -> 0.76, 3, [131, 149, 178]
#L1 root -> 0.78, 3, [134, 145, 166]
#L1 root -> 0.79, 2, [85, 130]
#L1 root -> 0.8, 5, [103, 121, 137, 144, 162]
#L1 root -> 0.81, 2, [139, 140]
#L1 root -> 0.82, 2, [44, 138]
#L1 root -> 0.83, 5, [119, 132, 133, 154, 157]
#L1 root -> 0.84, 3, [84, 134, 169]
#L1 root -> 0.86, 5, [4, 106, 109, 126, 148]
#L1 root -> 0.87, 2, [46, 163]
#L1 root -> 0.88, 4, [43, 45, 108, 139]
#L1 root -> 0.89, 6, [40, 59, 85, 129, 140, 143]
#L2 0.89 -> 520.0, 2, [85, 143]
#L1 root -> 0.9, 2, [77, 112]
#L1 root -> 0.91, 3, [42, 48, 144]
#L1 root -> 0.92, 6, [27, 55, 81, 123, 161, 167]
#L2 0.92 -> 3.12, 2, [81, 123]
#L1 root -> 0.93, 3, [115, 120, 122]
#L1 root -> 0.94, 7, [57, 60, 69, 104, 131, 136, 164]
#L2 0.94 -> 0.42, 2, [60, 69]
#L1 root -> 0.95, 4, [41, 78, 97, 117]
#L1 root -> 0.96, 7, [20, 78, 93, 110, 162, 163, 170]
#L2 0.96 -> 680.0, 2, [110, 162]
#L1 root -> 0.97, 2, [128, 168]
#L1 root -> 0.98, 5, [56, 62, 73, 86, 147]
#L2 0.98 -> 450.0, 2, [62, 86]
#L1 root -> 0.99, 3, [75, 79, 97]
#L1 root -> 1.0, 61, [1, 2, 3, 4, 5, 6, 7, 8, 9, 10, 11, 12, 13, 14, 15, 16, 17, 18, 19, 20, 21, 22, 23, 24, 25, 26, 27, 28, 29, 30, 31, 32, 33, 34, 35, 36, 37, 38, 39, 40, 41, 42, 43, 44, 45, 46, 47, 48, 49, 50, 51, 52, 53, 54, 55, 56, 57, 58, 59, 89, 107]
#L2 1.0 -> 0.17, 3, [20, 43, 51]
#L2 1.0 -> 0.2, 2, [40, 56]
#L2 1.0 -> 0.21, 2, [48, 55]
#L2 1.0 -> 0.22, 4, [10, 11, 32, 52]
#L2 1.0 -> 0.24, 2, [4, 21]
#L2 1.0 -> 0.26, 6, [2, 12, 24, 30, 36, 57]
#L2 1.0 -> 0.27, 4, [23, 28, 42, 47]
#L2 1.0 -> 0.28, 4, [1, 25, 39, 45]
#L2 1.0 -> 0.29, 6, [9, 13, 15, 31, 35, 38]
#L2 1.0 -> 0.3, 4, [3, 7, 16, 46]
#L2 1.0 -> 0.31, 2, [8, 58]
#L2 1.0 -> 0.32, 5, [19, 44, 49, 50, 53]
#L2 1.0 -> 0.34, 4, [6, 27, 37, 41]
#L2 1.0 -> 0.39, 2, [5, 54]
#L2 1.0 -> 0.88, 2, [43, 45]
#L2 1.0 -> 0.89, 2, [40, 59]
#L2 1.0 -> 0.91, 2, [42, 48]
#L2 1.0 -> 0.92, 2, [27, 55]
#L2 1.0 -> 1.01, 2, [10, 53]
#L2 1.0 -> 1.02, 2, [7, 28]
#L2 1.0 -> 1.03, 2, [3, 22]
#L2 1.0 -> 1.04, 5, [1, 5, 30, 36, 47]
#L2 1.0 -> 1.05, 2, [2, 6]
#L2 1.0 -> 1.07, 3, [17, 49, 58]
#L2 1.0 -> 1.09, 4, [21, 24, 32, 37]
#L2 1.0 -> 1.12, 4, [25, 38, 50, 51]
#L2 1.0 -> 1.13, 3, [18, 26, 54]
#L2 1.0 -> 1.23, 2, [19, 33]
#L2 1.0 -> 1.25, 6, [8, 11, 14, 29, 34, 46]
#L2 1.0 -> 1.28, 2, [2, 16]
#L2 1.0 -> 1.35, 3, [10, 28, 34]
#L2 1.0 -> 1.46, 2, [16, 24]
#L2 1.0 -> 1.48, 2, [12, 42]
#L2 1.0 -> 1.5, 2, [31, 39]
#L2 1.0 -> 1.57, 2, [12, 18]
#L2 1.0 -> 1.64, 2, [9, 37]
#L2 1.0 -> 1.65, 2, [38, 52]
#L2 1.0 -> 1.66, 5, [20, 25, 32, 44, 58]
#L2 1.0 -> 1.68, 3, [30, 48, 54]
#L2 1.0 -> 1.7, 2, [43, 57]
#L2 1.0 -> 1.71, 2, [1, 41]
#L2 1.0 -> 1.72, 2, [18, 28]
#L2 1.0 -> 1.73, 5, [13, 14, 50, 51, 56]
#L2 1.0 -> 1.76, 2, [6, 29]
#L2 1.0 -> 1.77, 2, [27, 45]
#L2 1.0 -> 1.81, 4, [13, 16, 25, 36]
#L2 1.0 -> 1.86, 3, [19, 23, 36]
#L2 1.0 -> 1.87, 3, [7, 15, 53]
#L2 1.0 -> 1.9, 2, [29, 54]
#L2 1.0 -> 1.92, 2, [17, 26]
#L2 1.0 -> 1.95, 2, [4, 32]
#L2 1.0 -> 1.97, 4, [6, 17, 33, 58]
#L2 1.0 -> 1.98, 4, [7, 9, 22, 30]
#L2 1.0 -> 2.03, 2, [45, 57]
#L2 1.0 -> 2.04, 2, [51, 59]
#L2 1.0 -> 2.08, 2, [40, 50]
#L2 1.0 -> 2.1, 3, [21, 39, 45]
#L2 1.0 -> 2.12, 2, [42, 48]
#L2 1.0 -> 2.14, 3, [2, 28, 48]
#L2 1.0 -> 2.19, 2, [28, 47]
#L2 1.0 -> 2.27, 2, [10, 50]
#L2 1.0 -> 2.28, 2, [21, 47]
#L3 2.28 -> 16.0, 2, [21, 47]
#L2 1.0 -> 2.29, 3, [1, 44, 52]
#L2 1.0 -> 2.3, 2, [11, 57]
#L2 1.0 -> 2.36, 4, [3, 23, 32, 33]
#L2 1.0 -> 2.38, 4, [11, 15, 31, 49]
#L2 1.0 -> 2.4, 3, [28, 39, 49]
#L2 1.0 -> 2.41, 4, [13, 22, 22, 36]
#L2 1.0 -> 2.42, 2, [33, 53]
#L2 1.0 -> 2.43, 3, [1, 12, 38]
#L2 1.0 -> 2.45, 6, [6, 7, 38, 42, 52, 56]
#L2 1.0 -> 2.48, 2, [19, 24]
#L2 1.0 -> 2.5, 3, [4, 7, 59]
#L2 1.0 -> 2.51, 3, [8, 38, 40]
#L2 1.0 -> 2.52, 2, [7, 24]
#L2 1.0 -> 2.53, 2, [25, 35]
#L2 1.0 -> 2.59, 2, [5, 43]
#L2 1.0 -> 2.6, 5, [8, 13, 37, 52, 55]
#L2 1.0 -> 2.61, 4, [8, 23, 25, 25]
#L2 1.0 -> 2.62, 2, [18, 27]
#L2 1.0 -> 2.63, 2, [26, 44]
#L2 1.0 -> 2.64, 2, [39, 44]
#L2 1.0 -> 2.65, 6, [2, 17, 22, 30, 35, 46]
#L2 1.0 -> 2.68, 5, [26, 37, 42, 54, 58]
#L2 1.0 -> 2.69, 3, [5, 33, 39]
#L2 1.0 -> 2.7, 5, [16, 20, 31, 34, 36]
#L2 1.0 -> 2.72, 2, [17, 51]
#L2 1.0 -> 2.75, 3, [49, 49, 89]
#L2 1.0 -> 2.76, 2, [2, 13]
#L2 1.0 -> 2.78, 2, [37, 56]
#L2 1.0 -> 2.8, 6, [1, 3, 5, 9, 17, 29]
#L2 1.0 -> 2.81, 2, [3, 14]
#L2 1.0 -> 2.82, 2, [12, 19]
#L2 1.0 -> 2.84, 2, [37, 58]
#L2 1.0 -> 2.85, 5, [6, 9, 16, 27, 46]
#L2 1.0 -> 2.87, 4, [5, 33, 35, 59]
#L2 1.0 -> 2.88, 4, [16, 23, 32, 50]
#L2 1.0 -> 2.9, 2, [13, 55]
#L2 1.0 -> 2.91, 3, [16, 51, 51]
#L2 1.0 -> 2.93, 2, [5, 54]
#L2 1.0 -> 2.95, 4, [11, 18, 29, 34]
#L2 1.0 -> 2.96, 2, [15, 56]
#L2 1.0 -> 2.98, 3, [9, 10, 36]
#L2 1.0 -> 3.0, 12, [15, 21, 31, 34, 40, 42, 44, 45, 45, 54, 57, 58]
#L2 1.0 -> 3.03, 2, [20, 56]
#L2 1.0 -> 3.1, 4, [14, 20, 48, 50]
#L2 1.0 -> 3.15, 2, [10, 41]
#L2 1.0 -> 3.17, 5, [3, 11, 21, 47, 107]
#L2 1.0 -> 3.2, 3, [26, 55, 57]
#L2 1.0 -> 3.22, 2, [26, 27]
#L2 1.0 -> 3.25, 3, [31, 43, 47]
#L2 1.0 -> 3.27, 2, [6, 51]
#L2 1.0 -> 3.3, 2, [15, 19]
#L2 1.0 -> 3.33, 2, [46, 48]
#L2 1.0 -> 3.39, 2, [6, 48]
#L2 1.0 -> 3.4, 4, [2, 18, 29, 59]
#L2 1.0 -> 3.52, 2, [22, 25]
#L2 1.0 -> 3.56, 2, [43, 43]
#L2 1.0 -> 3.58, 3, [7, 8, 26]
#L2 1.0 -> 3.59, 2, [30, 47]
#L2 1.0 -> 3.8, 2, [22, 23]
#L2 1.0 -> 3.84, 2, [33, 42]
#L2 1.0 -> 3.93, 2, [19, 24]
#L2 1.0 -> 4.5, 2, [22, 29]
#L2 1.0 -> 5.1, 3, [20, 36, 40]
#L2 1.0 -> 5.4, 2, [14, 34]
#L3 5.4 -> 1.25, 2, [14, 34]
#L2 1.0 -> 5.6, 2, [13, 52]
#L2 1.0 -> 6.2, 2, [17, 49]
#L3 6.2 -> 1.07, 2, [17, 49]
#L2 1.0 -> 13.05, 4, [26, 38, 45, 51]
#L2 1.0 -> 13.2, 2, [2, 40]
#L2 1.0 -> 13.24, 2, [5, 44]
#L2 1.0 -> 13.56, 2, [41, 56]
#L2 1.0 -> 13.83, 2, [18, 52]
#L2 1.0 -> 14.0, 2, [9, 53]
#L2 1.0 -> 14.06, 2, [8, 21]
#L2 1.0 -> 14.1, 2, [11, 49]
#L2 1.0 -> 14.22, 2, [40, 57]
#L2 1.0 -> 14.38, 2, [15, 47]
#L2 1.0 -> 15.2, 2, [6, 20]
#L2 1.0 -> 15.5, 2, [37, 39]
#L2 1.0 -> 16.0, 6, [10, 13, 21, 30, 47, 48]
#L2 1.0 -> 16.8, 3, [4, 12, 58]
#L2 1.0 -> 17.0, 2, [28, 45]
#L2 1.0 -> 17.2, 3, [16, 33, 52]
#L2 1.0 -> 18.0, 2, [11, 38]
#L2 1.0 -> 18.6, 2, [3, 22]
#L2 1.0 -> 18.8, 2, [42, 49]
#L2 1.0 -> 20.0, 3, [17, 18, 25]
#L2 1.0 -> 20.5, 2, [36, 56]
#L2 1.0 -> 94.0, 2, [28, 52]
#L2 1.0 -> 95.0, 2, [12, 24]
#L2 1.0 -> 96.0, 3, [7, 25, 30]
#L2 1.0 -> 98.0, 3, [10, 38, 39]
#L2 1.0 -> 100.0, 2, [2, 36]
#L2 1.0 -> 101.0, 5, [3, 23, 31, 43, 48]
#L2 1.0 -> 102.0, 4, [15, 22, 47, 58]
#L2 1.0 -> 103.0, 2, [44, 49]
#L2 1.0 -> 107.0, 2, [29, 45]
#L2 1.0 -> 108.0, 3, [19, 50, 59]
#L2 1.0 -> 110.0, 2, [35, 37]
#L2 1.0 -> 111.0, 2, [46, 53]
#L2 1.0 -> 112.0, 2, [6, 16]
#L2 1.0 -> 115.0, 2, [18, 54]
#L2 1.0 -> 116.0, 2, [20, 56]
#L2 1.0 -> 118.0, 3, [5, 55, 57]
#L2 1.0 -> 680.0, 2, [44, 89]
#L2 1.0 -> 845.0, 2, [20, 25]
#L2 1.0 -> 1035.0, 3, [23, 30, 42]
#L2 1.0 -> 1045.0, 2, [9, 10]
#L2 1.0 -> 1060.0, 2, [49, 55]
#L2 1.0 -> 1065.0, 2, [1, 47]
#L2 1.0 -> 1095.0, 2, [35, 43]
#L2 1.0 -> 1150.0, 2, [14, 51]
#L2 1.0 -> 1280.0, 2, [12, 17]
#L2 1.0 -> 1285.0, 3, [28, 31, 59]
#L1 root -> 1.01, 3, [10, 53, 67]
#L2 1.01 -> 3.18, 2, [67, 67]
#L1 root -> 1.02, 5, [7, 28, 69, 71, 144]
#L1 root -> 1.03, 5, [3, 22, 65, 73, 165]
#L1 root -> 1.04, 11, [1, 5, 30, 36, 47, 68, 99, 102, 105, 115, 161]
#L2 1.04 -> 2.77, 2, [99, 102]
#L2 1.04 -> 1065.0, 2, [1, 47]
#L1 root -> 1.05, 5, [2, 6, 60, 92, 113]
#L1 root -> 1.06, 4, [8, 79, 118, 174]
#L1 root -> 1.07, 5, [17, 49, 58, 90, 99]
#L1 root -> 1.08, 2, [9, 91]
#L1 root -> 1.09, 7, [21, 24, 32, 37, 61, 75, 133]
#L1 root -> 1.1, 6, [35, 61, 71, 114, 138, 160]
#L1 root -> 1.11, 2, [23, 170]
#L1 root -> 1.12, 6, [25, 38, 50, 51, 67, 68]
#L1 root -> 1.13, 5, [18, 26, 54, 64, 83]
#L1 root -> 1.14, 3, [145, 150, 158]
#L1 root -> 1.15, 5, [13, 76, 94, 133, 166]
#L1 root -> 1.16, 3, [82, 95, 96]
#L1 root -> 1.17, 2, [12, 68]
#L1 root -> 1.19, 5, [31, 66, 70, 77, 80]
#L2 1.19 -> 1.28, 2, [70, 70]
#L1 root -> 1.2, 2, [15, 134]
#L1 root -> 1.22, 3, [64, 112, 132]
#L1 root -> 1.23, 7, [19, 33, 63, 76, 86, 98, 113]
#L2 1.23 -> 428.0, 2, [76, 98]
#L1 root -> 1.24, 3, [52, 135, 173]
#L1 root -> 1.25, 15, [8, 11, 14, 29, 34, 46, 61, 63, 92, 119, 131, 135, 149, 151, 171]
#L2 1.25 -> 0.73, 2, [63, 171]
#L2 1.25 -> 3.4, 2, [29, 119]
#L2 1.25 -> 630.0, 2, [63, 131]
#L2 1.25 -> 650.0, 2, [135, 149]
#L1 root -> 1.27, 2, [101, 137]
#L1 root -> 1.28, 7, [2, 16, 70, 70, 120, 153, 166]
#L2 1.28 -> 3.07, 2, [70, 70]
#L3 3.07 -> 718.0, 2, [70, 70]
#L2 1.28 -> 718.0, 2, [70, 70]
#L1 root -> 1.29, 4, [109, 131, 134, 155]
#L2 1.29 -> 0.58, 2, [155, 155]
#L1 root -> 1.3, 4, [69, 132, 146, 151]
#L1 root -> 1.31, 4, [74, 83, 103, 159]
#L1 root -> 1.33, 5, [87, 90, 147, 150, 153]
#L1 root -> 1.34, 2, [88, 102]
#L2 1.34 -> 1.36, 2, [88, 102]
#L2 1.34 -> 562.0, 2, [88, 102]
#L1 root -> 1.35, 13, [10, 28, 34, 89, 95, 102, 110, 126, 130, 131, 165, 176, 178]
#L2 1.35 -> 1.25, 2, [34, 131]
#L2 1.35 -> 2.77, 2, [28, 102]
#L2 1.35 -> 680.0, 2, [89, 110]
#L1 root -> 1.36, 8, [37, 60, 62, 72, 88, 102, 133, 152]
#L2 1.36 -> 2.02, 2, [62, 62]
#L2 1.36 -> 562.0, 2, [88, 102]
#L1 root -> 1.38, 6, [81, 90, 93, 108, 137, 145]
#L1 root -> 1.39, 4, [115, 150, 164, 172]
#L2 1.39 -> 0.57, 2, [150, 172]
#L1 root -> 1.4, 5, [83, 101, 142, 151, 155]
#L1 root -> 1.41, 4, [62, 98, 150, 175]
#L1 root -> 1.42, 4, [100, 104, 106, 132]
#L1 root -> 1.43, 2, [59, 81]
#L2 1.43 -> 2.5, 2, [59, 81]
#L1 root -> 1.44, 2, [38, 114]
#L1 root -> 1.45, 5, [27, 65, 65, 92, 102]
#L2 1.45 -> 2.23, 2, [65, 65]
#L3 2.23 -> 355.0, 2, [65, 65]
#L2 1.45 -> 355.0, 2, [65, 65]
#L1 root -> 1.46, 8, [16, 24, 71, 77, 86, 93, 167, 177]
#L2 1.46 -> 1.62, 2, [93, 177]
#L2 1.46 -> 3.05, 2, [71, 93]
#L1 root -> 1.47, 2, [117, 152]
#L1 root -> 1.48, 7, [12, 42, 105, 152, 155, 156, 168]
#L2 1.48 -> 0.58, 2, [155, 155]
#L1 root -> 1.5, 4, [31, 39, 91, 146]
#L2 1.5 -> 2.4, 2, [39, 91]
#L1 root -> 1.51, 6, [72, 92, 116, 131, 135, 154]
#L2 1.51 -> 0.21, 2, [72, 131]
#L2 1.51 -> 1.25, 2, [92, 131]
#L2 1.51 -> 86.0, 2, [72, 92]
#L1 root -> 1.53, 4, [34, 93, 117, 127]
#L2 1.53 -> 2.74, 2, [34, 127]
#L2 1.53 -> 495.0, 2, [93, 117]
#L1 root -> 1.54, 3, [35, 141, 169]
#L1 root -> 1.55, 4, [143, 155, 156, 169]
#L1 root -> 1.56, 7, [87, 97, 153, 157, 167, 175, 176]
#L2 1.56 -> 1.33, 2, [87, 153]
#L2 1.56 -> 2.26, 2, [87, 97]
#L1 root -> 1.57, 4, [12, 18, 76, 151]
#L1 root -> 1.58, 3, [83, 136, 161]
#L1 root -> 1.59, 5, [19, 62, 84, 90, 176]
#L1 root -> 1.6, 5, [24, 91, 97, 117, 178]
#L2 1.6 -> 0.95, 2, [97, 117]
#L1 root -> 1.61, 6, [71, 76, 87, 88, 118, 118]
#L2 1.61 -> 0.34, 2, [76, 118]
#L2 1.61 -> 1.06, 2, [118, 118]
#L3 1.06 -> 2.96, 2, [118, 118]
#L4 2.96 -> 345.0, 2, [118, 118]
#L2 1.61 -> 2.06, 2, [118, 118]
#L3 2.06 -> 1.06, 2, [118, 118]
#L4 1.06 -> 2.96, 2, [118, 118]
#L5 2.96 -> 345.0, 2, [118, 118]
#L2 1.61 -> 2.96, 2, [118, 118]
#L3 2.96 -> 345.0, 2, [118, 118]
#L2 1.61 -> 345.0, 2, [118, 118]
#L1 root -> 1.62, 7, [55, 84, 93, 136, 139, 149, 177]
#L1 root -> 1.63, 7, [21, 92, 107, 108, 119, 129, 172]
#L2 1.63 -> 2.12, 2, [119, 129]
#L2 1.63 -> 3.17, 2, [21, 107]
#L2 1.63 -> 3.4, 2, [107, 119]
#L1 root -> 1.64, 6, [9, 37, 91, 104, 120, 157]
#L2 1.64 -> 0.37, 2, [104, 120]
#L2 1.64 -> 1.08, 2, [9, 91]
#L2 1.64 -> 480.0, 2, [91, 157]
#L1 root -> 1.65, 7, [38, 52, 75, 84, 107, 163, 177]
#L2 1.65 -> 0.6, 3, [163, 163, 177]
#L2 1.65 -> 1.62, 2, [84, 177]
#L2 1.65 -> 2.45, 2, [38, 52]
#L1 root -> 1.66, 6, [20, 25, 32, 44, 58, 73]
#L2 1.66 -> 845.0, 2, [20, 25]
#L1 root -> 1.67, 5, [55, 61, 74, 88, 160]
#L2 1.67 -> 0.21, 2, [55, 74]
#L2 1.67 -> 2.6, 4, [55, 74, 88, 160]
#L1 root -> 1.68, 9, [30, 48, 54, 106, 146, 159, 165, 173, 174]
#L2 1.68 -> 2.7, 3, [106, 159, 159]
#L2 1.68 -> 16.0, 2, [30, 48]
#L2 1.68 -> 660.0, 2, [159, 173]
#L1 root -> 1.69, 4, [23, 87, 89, 138]
#L1 root -> 1.7, 7, [43, 57, 67, 101, 134, 148, 167]
#L2 1.7 -> 0.26, 3, [57, 67, 101]
#L2 1.7 -> 3.18, 2, [67, 67]
#L1 root -> 1.71, 6, [1, 41, 77, 116, 123, 173]
#L1 root -> 1.72, 4, [18, 28, 78, 104]
#L1 root -> 1.73, 8, [13, 14, 50, 51, 56, 105, 107, 158]
#L2 1.73 -> 0.32, 2, [50, 105]
#L2 1.73 -> 1.12, 2, [50, 51]
#L2 1.73 -> 2.91, 2, [51, 51]
#L2 1.73 -> 3.1, 2, [14, 50]
#L2 1.73 -> 20.5, 2, [56, 105]
#L2 1.73 -> 1150.0, 2, [14, 51]
#L1 root -> 1.74, 3, [90, 156, 174]
#L1 root -> 1.75, 9, [53, 65, 70, 108, 113, 130, 164, 166, 168]
#L2 1.75 -> 1.28, 2, [70, 70]
#L2 1.75 -> 2.42, 2, [53, 108]
#L2 1.75 -> 2.5, 2, [70, 113]
#L1 root -> 1.76, 4, [6, 29, 108, 128]
#L1 root -> 1.77, 5, [27, 45, 82, 98, 127]
#L2 1.77 -> 3.0, 2, [45, 45]
#L1 root -> 1.78, 3, [2, 87, 160]
#L1 root -> 1.79, 2, [63, 138]
#L1 root -> 1.8, 5, [35, 154, 157, 169, 175]
#L2 1.8 -> 0.83, 2, [154, 157]
#L2 1.8 -> 1.56, 2, [157, 175]
#L2 1.8 -> 750.0, 2, [169, 175]
#L1 root -> 1.81, 5, [13, 16, 25, 36, 82]
#L2 1.81 -> 0.26, 2, [36, 82]
#L2 1.81 -> 2.2, 2, [82, 82]
#L2 1.81 -> 2.53, 2, [25, 82]
#L2 1.81 -> 2.61, 2, [25, 25]
#L2 1.81 -> 2.7, 2, [16, 36]
#L1 root -> 1.82, 6, [5, 60, 71, 111, 139, 162]
#L1 root -> 1.83, 5, [33, 91, 121, 162, 171]
#L2 1.83 -> 0.8, 2, [121, 162]
#L1 root -> 1.84, 2, [73, 106]
#L1 root -> 1.85, 3, [10, 70, 79]
#L2 1.85 -> 1.28, 2, [70, 70]
#L1 root -> 1.86, 4, [19, 23, 36, 148]
#L1 root -> 1.87, 8, [7, 15, 53, 64, 72, 120, 122, 154]
#L2 1.87 -> 0.93, 2, [120, 122]
#L1 root -> 1.88, 3, [73, 76, 104]
#L1 root -> 1.89, 2, [43, 65]
#L2 1.89 -> 3.56, 2, [43, 43]
#L1 root -> 1.9, 8, [29, 54, 79, 102, 116, 129, 153, 158]
#L2 1.9 -> 3.4, 2, [29, 79]
#L1 root -> 1.92, 8, [17, 26, 63, 68, 76, 88, 105, 170]
#L2 1.92 -> 0.32, 2, [63, 105]
#L2 1.92 -> 1.04, 2, [68, 105]
#L2 1.92 -> 1.23, 2, [63, 76]
#L2 1.92 -> 1.61, 2, [76, 88]
#L2 1.92 -> 3.8, 2, [63, 76]
#L3 3.8 -> 1.23, 2, [63, 76]
#L2 1.92 -> 630.0, 2, [63, 170]
#L1 root -> 1.93, 2, [69, 149]
#L1 root -> 1.94, 2, [86, 109]
#L1 root -> 1.95, 9, [4, 32, 60, 77, 79, 80, 89, 99, 117]
#L2 1.95 -> 0.24, 2, [4, 77]
#L2 1.95 -> 1.19, 2, [77, 80]
#L1 root -> 1.96, 2, [74, 159]
#L1 root -> 1.97, 4, [6, 17, 33, 58]
#L2 1.97 -> 1.07, 2, [17, 58]
#L1 root -> 1.98, 10, [7, 9, 22, 30, 60, 98, 105, 117, 119, 170]
#L2 1.98 -> 1.04, 2, [30, 105]
#L2 1.98 -> 1.92, 2, [105, 170]
#L2 1.98 -> 1.95, 2, [60, 117]
#L2 1.98 -> 16.0, 2, [98, 119]
#L2 1.98 -> 85.0, 2, [98, 105]
#L1 root -> 1.99, 3, [94, 95, 117]
#L1 root -> 2.0, 81, [60, 61, 62, 63, 64, 65, 66, 67, 68, 68, 69, 70, 71, 72, 73, 74, 75, 76, 77, 78, 79, 80, 81, 81, 82, 83, 83, 84, 85, 86, 87, 88, 89, 90, 91, 92, 93, 94, 95, 96, 97, 98, 99, 100, 101, 102, 103, 104, 105, 106, 107, 108, 109, 110, 111, 112, 112, 113, 114, 115, 116, 117, 118, 118, 119, 120, 120, 120, 121, 122, 123, 124, 125, 126, 127, 128, 129, 130, 135, 144, 145]
#L2 2.0 -> 0.14, 2, [70, 97]
#L2 2.0 -> 0.21, 3, [72, 74, 125]
#L2 2.0 -> 0.24, 3, [77, 99, 111]
#L2 2.0 -> 0.26, 4, [67, 82, 101, 112]
#L2 2.0 -> 0.27, 3, [68, 68, 73]
#L3 0.27 -> 1.04, 2, [68, 68]
#L4 1.04 -> 4.68, 2, [68, 68]
#L5 4.68 -> 1.12, 2, [68, 68]
#L6 1.12 -> 3.48, 2, [68, 68]
#L7 3.48 -> 510.0, 2, [68, 68]
#L2 2.0 -> 0.29, 3, [98, 102, 110]
#L2 2.0 -> 0.3, 5, [81, 81, 86, 117, 124]
#L3 0.3 -> 1.43, 2, [81, 81]
#L4 1.43 -> 2.5, 2, [81, 81]
#L5 2.5 -> 1.38, 2, [81, 81]
#L6 1.38 -> 3.12, 2, [81, 81]
#L7 3.12 -> 278.0, 2, [81, 81]
#L2 2.0 -> 0.32, 4, [63, 96, 105, 121]
#L2 2.0 -> 0.34, 4, [76, 103, 118, 118]
#L3 0.34 -> 1.61, 2, [118, 118]
#L4 1.61 -> 2.06, 2, [118, 118]
#L5 2.06 -> 1.06, 2, [118, 118]
#L6 1.06 -> 2.96, 2, [118, 118]
#L7 2.96 -> 345.0, 2, [118, 118]
#L2 2.0 -> 0.37, 8, [66, 71, 104, 107, 120, 120, 120, 126]
#L3 0.37 -> 1.87, 3, [120, 120, 120]
#L4 1.87 -> 1.28, 3, [120, 120, 120]
#L5 1.28 -> 0.93, 3, [120, 120, 120]
#L6 0.93 -> 3.05, 3, [120, 120, 120]
#L7 3.05 -> 564.0, 3, [120, 120, 120]
#L2 2.0 -> 0.39, 2, [109, 127]
#L2 2.0 -> 0.4, 4, [83, 83, 88, 129]
#L3 0.4 -> 1.4, 2, [83, 83]
#L4 1.4 -> 2.2, 2, [83, 83]
#L5 2.2 -> 1.31, 2, [83, 83]
#L6 1.31 -> 2.72, 2, [83, 83]
#L7 2.72 -> 630.0, 2, [83, 83]
#L2 2.0 -> 0.42, 5, [60, 69, 90, 114, 130]
#L2 2.0 -> 0.43, 6, [78, 80, 87, 115, 119, 123]
#L2 2.0 -> 0.45, 2, [65, 100]
#L2 2.0 -> 0.47, 2, [122, 144]
#L2 2.0 -> 0.48, 2, [89, 108]
#L2 2.0 -> 0.52, 2, [91, 116]
#L2 2.0 -> 0.58, 3, [93, 128, 135]
#L2 2.0 -> 0.6, 2, [113, 135]
#L2 2.0 -> 0.73, 2, [63, 124]
#L2 2.0 -> 0.75, 3, [111, 125, 135]
#L2 2.0 -> 0.79, 2, [85, 130]
#L2 2.0 -> 0.8, 3, [103, 121, 144]
#L2 2.0 -> 0.86, 3, [106, 109, 126]
#L2 2.0 -> 0.89, 2, [85, 129]
#L2 2.0 -> 0.9, 3, [77, 112, 112]
#L3 0.9 -> 2.78, 2, [112, 112]
#L4 2.78 -> 325.0, 2, [112, 112]
#L2 2.0 -> 0.92, 2, [81, 123]
#L2 2.0 -> 0.93, 5, [115, 120, 120, 120, 122]
#L3 0.93 -> 3.05, 3, [120, 120, 120]
#L4 3.05 -> 564.0, 3, [120, 120, 120]
#L2 2.0 -> 0.94, 3, [60, 69, 104]
#L2 2.0 -> 0.95, 3, [78, 97, 117]
#L2 2.0 -> 0.96, 3, [78, 93, 110]
#L2 2.0 -> 0.98, 3, [62, 73, 86]
#L2 2.0 -> 0.99, 3, [75, 79, 97]
#L2 2.0 -> 1.0, 2, [89, 107]
#L2 2.0 -> 1.02, 3, [69, 71, 144]
#L2 2.0 -> 1.03, 2, [65, 73]
#L2 2.0 -> 1.04, 6, [68, 68, 99, 102, 105, 115]
#L3 1.04 -> 2.77, 2, [99, 102]
#L3 1.04 -> 4.68, 2, [68, 68]
#L4 4.68 -> 1.12, 2, [68, 68]
#L5 1.12 -> 3.48, 2, [68, 68]
#L6 3.48 -> 510.0, 2, [68, 68]
#L2 2.0 -> 1.05, 3, [60, 92, 113]
#L2 2.0 -> 1.06, 3, [79, 118, 118]
#L3 1.06 -> 2.96, 2, [118, 118]
#L4 2.96 -> 345.0, 2, [118, 118]
#L2 2.0 -> 1.07, 2, [90, 99]
#L2 2.0 -> 1.09, 2, [61, 75]
#L2 2.0 -> 1.1, 3, [61, 71, 114]
#L2 2.0 -> 1.12, 3, [67, 68, 68]
#L3 1.12 -> 3.48, 2, [68, 68]
#L4 3.48 -> 510.0, 2, [68, 68]
#L2 2.0 -> 1.13, 2, [64, 83]
#L2 2.0 -> 1.15, 2, [76, 94]
#L2 2.0 -> 1.16, 3, [82, 95, 96]
#L2 2.0 -> 1.19, 4, [66, 70, 77, 80]
#L2 2.0 -> 1.22, 2, [64, 112]
#L2 2.0 -> 1.23, 5, [63, 76, 86, 98, 113]
#L2 2.0 -> 1.25, 5, [61, 63, 92, 119, 135]
#L2 2.0 -> 1.28, 5, [70, 70, 120, 120, 120]
#L3 1.28 -> 0.93, 3, [120, 120, 120]
#L4 0.93 -> 3.05, 3, [120, 120, 120]
#L5 3.05 -> 564.0, 3, [120, 120, 120]
#L2 2.0 -> 1.31, 4, [74, 83, 83, 103]
#L3 1.31 -> 2.72, 2, [83, 83]
#L4 2.72 -> 630.0, 2, [83, 83]
#L2 2.0 -> 1.33, 2, [87, 90]
#L2 2.0 -> 1.34, 2, [88, 102]
#L2 2.0 -> 1.35, 6, [89, 95, 102, 110, 126, 130]
#L2 2.0 -> 1.36, 5, [60, 62, 72, 88, 102]
#L2 2.0 -> 1.38, 5, [81, 81, 90, 93, 108]
#L3 1.38 -> 3.12, 2, [81, 81]
#L4 3.12 -> 278.0, 2, [81, 81]
#L2 2.0 -> 1.4, 3, [83, 83, 101]
#L3 1.4 -> 2.2, 2, [83, 83]
#L4 2.2 -> 1.31, 2, [83, 83]
#L5 1.31 -> 2.72, 2, [83, 83]
#L6 2.72 -> 630.0, 2, [83, 83]
#L2 2.0 -> 1.41, 2, [62, 98]
#L2 2.0 -> 1.42, 3, [100, 104, 106]
#L2 2.0 -> 1.43, 2, [81, 81]
#L3 1.43 -> 2.5, 2, [81, 81]
#L4 2.5 -> 1.38, 2, [81, 81]
#L5 1.38 -> 3.12, 2, [81, 81]
#L6 3.12 -> 278.0, 2, [81, 81]
#L2 2.0 -> 1.45, 4, [65, 65, 92, 102]
#L2 2.0 -> 1.46, 4, [71, 77, 86, 93]
#L2 2.0 -> 1.51, 4, [72, 92, 116, 135]
#L2 2.0 -> 1.53, 3, [93, 117, 127]
#L2 2.0 -> 1.56, 2, [87, 97]
#L2 2.0 -> 1.58, 2, [83, 83]
#L3 1.58 -> 0.4, 2, [83, 83]
#L4 0.4 -> 1.4, 2, [83, 83]
#L5 1.4 -> 2.2, 2, [83, 83]
#L6 2.2 -> 1.31, 2, [83, 83]
#L7 1.31 -> 2.72, 2, [83, 83]
#L8 2.72 -> 630.0, 2, [83, 83]
#L2 2.0 -> 1.59, 3, [62, 84, 90]
#L2 2.0 -> 1.6, 3, [91, 97, 117]
#L2 2.0 -> 1.61, 7, [71, 76, 87, 88, 118, 118, 118]
#L3 1.61 -> 2.06, 2, [118, 118]
#L4 2.06 -> 1.06, 2, [118, 118]
#L5 1.06 -> 2.96, 2, [118, 118]
#L6 2.96 -> 345.0, 2, [118, 118]
#L2 2.0 -> 1.62, 2, [84, 93]
#L2 2.0 -> 1.63, 5, [92, 107, 108, 119, 129]
#L2 2.0 -> 1.64, 5, [91, 104, 120, 120, 120]
#L3 1.64 -> 0.37, 4, [104, 120, 120, 120]
#L4 0.37 -> 1.87, 3, [120, 120, 120]
#L5 1.87 -> 1.28, 3, [120, 120, 120]
#L6 1.28 -> 0.93, 3, [120, 120, 120]
#L7 0.93 -> 3.05, 3, [120, 120, 120]
#L8 3.05 -> 564.0, 3, [120, 120, 120]
#L2 2.0 -> 1.65, 3, [75, 84, 107]
#L2 2.0 -> 1.67, 3, [61, 74, 88]
#L2 2.0 -> 1.69, 2, [87, 89]
#L2 2.0 -> 1.7, 2, [67, 101]
#L2 2.0 -> 1.71, 3, [77, 116, 123]
#L2 2.0 -> 1.72, 2, [78, 104]
#L2 2.0 -> 1.73, 2, [105, 107]
#L2 2.0 -> 1.75, 5, [65, 70, 108, 113, 130]
#L2 2.0 -> 1.76, 2, [108, 128]
#L2 2.0 -> 1.77, 3, [82, 98, 127]
#L2 2.0 -> 1.82, 3, [60, 71, 111]
#L2 2.0 -> 1.83, 2, [91, 121]
#L2 2.0 -> 1.84, 2, [73, 106]
#L2 2.0 -> 1.85, 2, [70, 79]
#L2 2.0 -> 1.87, 6, [64, 72, 120, 120, 120, 122]
#L3 1.87 -> 1.28, 3, [120, 120, 120]
#L4 1.28 -> 0.93, 3, [120, 120, 120]
#L5 0.93 -> 3.05, 3, [120, 120, 120]
#L6 3.05 -> 564.0, 3, [120, 120, 120]
#L2 2.0 -> 1.88, 3, [73, 76, 104]
#L2 2.0 -> 1.9, 4, [79, 102, 116, 129]
#L2 2.0 -> 1.92, 5, [63, 68, 76, 88, 105]
#L2 2.0 -> 1.94, 2, [86, 109]
#L2 2.0 -> 1.95, 7, [60, 77, 79, 80, 89, 99, 117]
#L2 2.0 -> 1.98, 5, [60, 98, 105, 117, 119]
#L3 1.98 -> 16.0, 2, [98, 119]
#L2 2.0 -> 1.99, 3, [94, 95, 117]
#L2 2.0 -> 2.0, 8, [68, 81, 83, 112, 118, 120, 120, 120]
#L3 2.0 -> 1.64, 2, [120, 120]
#L4 1.64 -> 0.37, 2, [120, 120]
#L5 0.37 -> 1.87, 2, [120, 120]
#L6 1.87 -> 1.28, 2, [120, 120]
#L7 1.28 -> 0.93, 2, [120, 120]
#L8 0.93 -> 3.05, 2, [120, 120]
#L9 3.05 -> 564.0, 2, [120, 120]
#L3 2.0 -> 19.0, 2, [81, 120]
#L2 2.0 -> 2.01, 4, [84, 114, 116, 124]
#L2 2.0 -> 2.02, 2, [62, 62]
#L2 2.0 -> 2.03, 3, [77, 107, 113]
#L2 2.0 -> 2.05, 3, [61, 122, 144]
#L2 2.0 -> 2.06, 5, [89, 93, 104, 118, 118]
#L3 2.06 -> 1.06, 2, [118, 118]
#L4 1.06 -> 2.96, 2, [118, 118]
#L5 2.96 -> 345.0, 2, [118, 118]
#L2 2.0 -> 2.08, 4, [66, 101, 109, 123]
#L2 2.0 -> 2.09, 2, [118, 118]
#L3 2.09 -> 0.34, 2, [118, 118]
#L4 0.34 -> 1.61, 2, [118, 118]
#L5 1.61 -> 2.06, 2, [118, 118]
#L6 2.06 -> 1.06, 2, [118, 118]
#L7 1.06 -> 2.96, 2, [118, 118]
#L8 2.96 -> 345.0, 2, [118, 118]
#L2 2.0 -> 2.1, 3, [63, 99, 130]
#L2 2.0 -> 2.11, 2, [68, 103]
#L2 2.0 -> 2.12, 4, [97, 107, 119, 129]
#L2 2.0 -> 2.13, 4, [123, 124, 128, 128]
#L2 2.0 -> 2.14, 2, [75, 76]
#L2 2.0 -> 2.16, 2, [64, 126]
#L2 2.0 -> 2.17, 4, [101, 112, 116, 126]
#L3 2.17 -> 21.0, 2, [112, 126]
#L2 2.0 -> 2.2, 11, [82, 82, 83, 83, 85, 86, 90, 96, 105, 116, 123]
#L3 2.2 -> 1.31, 2, [83, 83]
#L4 1.31 -> 2.72, 2, [83, 83]
#L5 2.72 -> 630.0, 2, [83, 83]
#L2 2.0 -> 2.21, 3, [71, 85, 100]
#L2 2.0 -> 2.22, 2, [94, 129]
#L2 2.0 -> 2.23, 3, [65, 78, 101]
#L2 2.0 -> 2.24, 3, [73, 86, 128]
#L2 2.0 -> 2.26, 6, [81, 81, 87, 93, 95, 97]
#L3 2.26 -> 0.3, 2, [81, 81]
#L4 0.3 -> 1.43, 2, [81, 81]
#L5 1.43 -> 2.5, 2, [81, 81]
#L6 2.5 -> 1.38, 2, [81, 81]
#L7 1.38 -> 3.12, 2, [81, 81]
#L8 3.12 -> 278.0, 2, [81, 81]
#L2 2.0 -> 2.27, 4, [91, 96, 106, 112]
#L2 2.0 -> 2.28, 4, [61, 67, 95, 108]
#L2 2.0 -> 2.29, 2, [115, 127]
#L2 2.0 -> 2.3, 5, [66, 75, 90, 100, 129]
#L2 2.0 -> 2.31, 3, [79, 87, 114]
#L2 2.0 -> 2.32, 2, [84, 91]
#L2 2.0 -> 2.36, 2, [69, 109]
#L2 2.0 -> 2.4, 3, [80, 91, 121]
#L2 2.0 -> 2.42, 6, [66, 81, 81, 92, 108, 121]
#L3 2.42 -> 2.26, 2, [81, 81]
#L4 2.26 -> 0.3, 2, [81, 81]
#L5 0.3 -> 1.43, 2, [81, 81]
#L6 1.43 -> 2.5, 2, [81, 81]
#L7 2.5 -> 1.38, 2, [81, 81]
#L8 1.38 -> 3.12, 2, [81, 81]
#L9 3.12 -> 278.0, 2, [81, 81]
#L2 2.0 -> 2.44, 2, [104, 128]
#L2 2.0 -> 2.45, 5, [87, 94, 102, 103, 129]
#L2 2.0 -> 2.46, 4, [63, 89, 103, 116]
#L2 2.0 -> 2.48, 2, [77, 114]
#L2 2.0 -> 2.5, 10, [70, 81, 81, 96, 97, 98, 104, 113, 114, 115]
#L3 2.5 -> 1.38, 2, [81, 81]
#L4 1.38 -> 3.12, 2, [81, 81]
#L5 3.12 -> 278.0, 2, [81, 81]
#L2 2.0 -> 2.53, 3, [65, 69, 82]
#L2 2.0 -> 2.55, 4, [80, 98, 106, 112]
#L3 2.55 -> 2.27, 2, [106, 112]
#L2 2.0 -> 2.56, 3, [66, 103, 115]
#L2 2.0 -> 2.57, 2, [80, 130]
#L2 2.0 -> 2.58, 2, [85, 111]
#L2 2.0 -> 2.6, 6, [74, 88, 96, 124, 126, 130]
#L2 2.0 -> 2.62, 3, [86, 88, 124]
#L2 2.0 -> 2.65, 6, [66, 78, 92, 110, 124, 126]
#L3 2.65 -> 0.37, 2, [66, 126]
#L3 2.65 -> 0.96, 2, [78, 110]
#L2 2.0 -> 2.7, 3, [106, 109, 110]
#L3 2.7 -> 0.86, 2, [106, 109]
#L2 2.0 -> 2.72, 2, [83, 83]
#L3 2.72 -> 630.0, 2, [83, 83]
#L2 2.0 -> 2.74, 4, [97, 98, 110, 127]
#L2 2.0 -> 2.76, 2, [79, 126]
#L2 2.0 -> 2.77, 2, [99, 102]
#L2 2.0 -> 2.78, 5, [73, 112, 112, 128, 129]
#L3 2.78 -> 325.0, 2, [112, 112]
#L2 2.0 -> 2.8, 3, [89, 103, 125]
#L2 2.0 -> 2.81, 2, [100, 111]
#L2 2.0 -> 2.83, 3, [80, 94, 100]
#L2 2.0 -> 2.85, 2, [70, 100]
#L2 2.0 -> 2.86, 2, [72, 125]
#L2 2.0 -> 2.87, 2, [64, 116]
#L2 2.0 -> 2.89, 2, [74, 78]
#L2 2.0 -> 2.9, 4, [98, 111, 115, 121]
#L2 2.0 -> 2.92, 2, [110, 113]
#L2 2.0 -> 2.95, 2, [65, 72]
#L2 2.0 -> 2.96, 4, [95, 101, 118, 118]
#L3 2.96 -> 345.0, 3, [95, 118, 118]
#L2 2.0 -> 3.02, 2, [95, 109]
#L2 2.0 -> 3.05, 6, [71, 85, 93, 120, 120, 120]
#L3 3.05 -> 564.0, 3, [120, 120, 120]
#L2 2.0 -> 3.08, 2, [85, 114]
#L2 2.0 -> 3.1, 2, [64, 124]
#L2 2.0 -> 3.12, 3, [81, 81, 123]
#L3 3.12 -> 278.0, 2, [81, 81]
#L2 2.0 -> 3.13, 2, [75, 80]
#L2 2.0 -> 3.16, 2, [72, 86]
#L2 2.0 -> 3.17, 3, [69, 100, 107]
#L2 2.0 -> 3.18, 4, [67, 67, 111, 122]
#L2 2.0 -> 3.21, 3, [75, 88, 90]
#L2 2.0 -> 3.25, 2, [95, 121]
#L2 2.0 -> 3.28, 2, [96, 126]
#L2 2.0 -> 3.3, 5, [74, 94, 101, 106, 108]
#L2 2.0 -> 3.38, 3, [72, 75, 103]
#L2 2.0 -> 3.4, 3, [79, 107, 119]
#L2 2.0 -> 3.43, 2, [119, 120]
#L2 2.0 -> 3.48, 2, [68, 68]
#L3 3.48 -> 510.0, 2, [68, 68]
#L2 2.0 -> 3.5, 2, [64, 74]
#L2 2.0 -> 3.74, 2, [73, 111]
#L2 2.0 -> 3.8, 3, [63, 76, 113]
#L3 3.8 -> 1.23, 3, [63, 76, 113]
#L2 2.0 -> 4.6, 2, [66, 77]
#L3 4.6 -> 1.19, 2, [66, 77]
#L2 2.0 -> 4.68, 2, [68, 68]
#L3 4.68 -> 1.12, 2, [68, 68]
#L4 1.12 -> 3.48, 2, [68, 68]
#L5 3.48 -> 510.0, 2, [68, 68]
#L2 2.0 -> 11.82, 2, [104, 117]
#L2 2.0 -> 11.84, 2, [78, 85]
#L2 2.0 -> 12.0, 3, [81, 92, 120]
#L2 2.0 -> 12.08, 5, [83, 90, 91, 101, 115]
#L2 2.0 -> 12.29, 4, [71, 94, 98, 100]
#L2 2.0 -> 12.33, 2, [61, 79]
#L2 2.0 -> 12.37, 6, [60, 64, 66, 68, 99, 129]
#L2 2.0 -> 12.42, 3, [106, 118, 123]
#L2 2.0 -> 12.72, 2, [82, 108]
#L2 2.0 -> 13.05, 2, [84, 124]
#L2 2.0 -> 16.0, 5, [61, 76, 77, 98, 119]
#L2 2.0 -> 16.8, 2, [62, 70]
#L2 2.0 -> 18.0, 7, [63, 78, 85, 86, 94, 95, 100]
#L3 18.0 -> 88.0, 2, [94, 100]
#L3 18.0 -> 94.0, 2, [63, 85]
#L2 2.0 -> 18.5, 3, [91, 99, 102]
#L3 18.5 -> 88.0, 2, [99, 102]
#L2 2.0 -> 19.0, 9, [64, 65, 81, 81, 96, 107, 109, 120, 120]
#L3 19.0 -> 86.0, 2, [81, 81]
#L4 86.0 -> 2.42, 2, [81, 81]
#L5 2.42 -> 2.26, 2, [81, 81]
#L6 2.26 -> 0.3, 2, [81, 81]
#L7 0.3 -> 1.43, 2, [81, 81]
#L8 1.43 -> 2.5, 2, [81, 81]
#L9 2.5 -> 1.38, 2, [81, 81]
#L10 1.38 -> 3.12, 2, [81, 81]
#L11 3.12 -> 278.0, 2, [81, 81]
#L3 19.0 -> 87.0, 3, [64, 120, 120]
#L4 87.0 -> 2.0, 2, [120, 120]
#L5 2.0 -> 1.64, 2, [120, 120]
#L6 1.64 -> 0.37, 2, [120, 120]
#L7 0.37 -> 1.87, 2, [120, 120]
#L8 1.87 -> 1.28, 2, [120, 120]
#L9 1.28 -> 0.93, 2, [120, 120]
#L10 0.93 -> 3.05, 2, [120, 120]
#L11 3.05 -> 564.0, 2, [120, 120]
#L2 2.0 -> 19.5, 2, [104, 111]
#L2 2.0 -> 20.0, 3, [110, 113, 121]
#L2 2.0 -> 21.0, 6, [75, 103, 112, 114, 125, 126]
#L3 21.0 -> 88.0, 2, [112, 114]
#L2 2.0 -> 21.5, 4, [97, 116, 124, 127]
#L3 21.5 -> 86.0, 2, [124, 127]
#L2 2.0 -> 22.0, 3, [92, 106, 130]
#L2 2.0 -> 22.5, 4, [84, 108, 115, 118]
#L3 22.5 -> 84.0, 2, [108, 115]
#L2 2.0 -> 24.0, 2, [73, 83]
#L2 2.0 -> 28.5, 2, [122, 128]
#L2 2.0 -> 78.0, 3, [67, 68, 83]
#L2 2.0 -> 80.0, 4, [93, 107, 119, 130]
#L2 2.0 -> 84.0, 3, [89, 108, 115]
#L2 2.0 -> 85.0, 5, [84, 98, 105, 116, 126]
#L2 2.0 -> 86.0, 10, [72, 77, 81, 81, 82, 92, 104, 117, 124, 127]
#L3 86.0 -> 2.42, 2, [81, 81]
#L4 2.42 -> 2.26, 2, [81, 81]
#L5 2.26 -> 0.3, 2, [81, 81]
#L6 0.3 -> 1.43, 2, [81, 81]
#L7 1.43 -> 2.5, 2, [81, 81]
#L8 2.5 -> 1.38, 2, [81, 81]
#L9 1.38 -> 3.12, 2, [81, 81]
#L10 3.12 -> 278.0, 2, [81, 81]
#L2 2.0 -> 87.0, 4, [64, 73, 120, 120]
#L3 87.0 -> 2.0, 2, [120, 120]
#L4 2.0 -> 1.64, 2, [120, 120]
#L5 1.64 -> 0.37, 2, [120, 120]
#L6 0.37 -> 1.87, 2, [120, 120]
#L7 1.87 -> 1.28, 2, [120, 120]
#L8 1.28 -> 0.93, 2, [120, 120]
#L9 0.93 -> 3.05, 2, [120, 120]
#L10 3.05 -> 564.0, 2, [120, 120]
#L2 2.0 -> 88.0, 9, [60, 88, 94, 99, 100, 102, 112, 114, 129]
#L2 2.0 -> 90.0, 2, [87, 106]
#L2 2.0 -> 92.0, 2, [109, 128]
#L2 2.0 -> 94.0, 3, [63, 85, 110]
#L2 2.0 -> 97.0, 2, [76, 101]
#L2 2.0 -> 98.0, 3, [66, 95, 103]
#L2 2.0 -> 101.0, 3, [61, 75, 80]
#L2 2.0 -> 103.0, 2, [71, 113]
#L2 2.0 -> 278.0, 2, [81, 81]
#L2 2.0 -> 325.0, 2, [112, 112]
#L2 2.0 -> 345.0, 3, [95, 118, 118]
#L2 2.0 -> 380.0, 2, [124, 125]
#L2 2.0 -> 428.0, 2, [76, 98]
#L2 2.0 -> 450.0, 3, [62, 86, 92]
#L2 2.0 -> 495.0, 3, [87, 93, 117]
#L2 2.0 -> 510.0, 3, [68, 68, 107]
#L2 2.0 -> 520.0, 2, [60, 85]
#L2 2.0 -> 562.0, 3, [88, 102, 111]
#L2 2.0 -> 564.0, 3, [120, 120, 120]
#L2 2.0 -> 625.0, 3, [90, 97, 121]
#L2 2.0 -> 630.0, 3, [63, 83, 83]
#L2 2.0 -> 680.0, 3, [61, 89, 110]
#L2 2.0 -> 750.0, 2, [69, 79]
#L1 root -> 2.01, 4, [84, 114, 116, 124]
#L1 root -> 2.02, 3, [49, 62, 62]
#L2 2.02 -> 0.53, 2, [62, 62]
#L3 0.53 -> 0.62, 2, [62, 62]
#L4 0.62 -> 5.75, 2, [62, 62]
#L5 5.75 -> 0.98, 2, [62, 62]
#L6 0.98 -> 1.59, 2, [62, 62]
#L7 1.59 -> 450.0, 2, [62, 62]
#L2 2.02 -> 0.62, 2, [62, 62]
#L3 0.62 -> 5.75, 2, [62, 62]
#L4 5.75 -> 0.98, 2, [62, 62]
#L5 0.98 -> 1.59, 2, [62, 62]
#L6 1.59 -> 450.0, 2, [62, 62]
#L2 2.02 -> 0.98, 2, [62, 62]
#L3 0.98 -> 1.59, 2, [62, 62]
#L4 1.59 -> 450.0, 2, [62, 62]
#L2 2.02 -> 1.41, 2, [62, 62]
#L3 1.41 -> 0.53, 2, [62, 62]
#L4 0.53 -> 0.62, 2, [62, 62]
#L5 0.62 -> 5.75, 2, [62, 62]
#L6 5.75 -> 0.98, 2, [62, 62]
#L7 0.98 -> 1.59, 2, [62, 62]
#L8 1.59 -> 450.0, 2, [62, 62]
#L2 2.02 -> 1.59, 2, [62, 62]
#L3 1.59 -> 450.0, 2, [62, 62]
#L2 2.02 -> 2.75, 2, [49, 49]
#L2 2.02 -> 5.75, 2, [62, 62]
#L3 5.75 -> 0.98, 2, [62, 62]
#L4 0.98 -> 1.59, 2, [62, 62]
#L5 1.59 -> 450.0, 2, [62, 62]
#L2 2.02 -> 450.0, 2, [62, 62]
#L1 root -> 2.03, 5, [45, 57, 77, 107, 113]
#L1 root -> 2.04, 3, [51, 59, 109]
#L2 2.04 -> 2.91, 2, [51, 51]
#L1 root -> 2.05, 5, [26, 61, 122, 144, 178]
#L2 2.05 -> 0.47, 2, [26, 122]
#L1 root -> 2.06, 5, [89, 93, 104, 118, 143]
#L1 root -> 2.08, 6, [40, 50, 66, 101, 109, 123]
#L1 root -> 2.1, 7, [21, 39, 45, 63, 99, 130, 155]
#L2 2.1 -> 0.28, 2, [39, 45]
#L2 2.1 -> 0.58, 2, [155, 155]
#L2 2.1 -> 3.0, 2, [45, 45]
#L1 root -> 2.11, 3, [68, 103, 163]
#L1 root -> 2.12, 6, [42, 48, 97, 107, 119, 129]
#L2 2.12 -> 0.91, 2, [42, 48]
#L1 root -> 2.13, 4, [123, 124, 128, 128]
#L2 2.13 -> 0.58, 2, [128, 128]
#L3 0.58 -> 1.76, 2, [128, 128]
#L4 1.76 -> 3.0, 2, [128, 128]
#L5 3.0 -> 0.97, 2, [128, 128]
#L6 0.97 -> 2.44, 2, [128, 128]
#L7 2.44 -> 466.0, 2, [128, 128]
#L2 2.13 -> 0.97, 2, [128, 128]
#L3 0.97 -> 2.44, 2, [128, 128]
#L4 2.44 -> 466.0, 2, [128, 128]
#L2 2.13 -> 1.76, 2, [128, 128]
#L3 1.76 -> 3.0, 2, [128, 128]
#L4 3.0 -> 0.97, 2, [128, 128]
#L5 0.97 -> 2.44, 2, [128, 128]
#L6 2.44 -> 466.0, 2, [128, 128]
#L2 2.13 -> 2.24, 2, [128, 128]
#L3 2.24 -> 0.58, 2, [128, 128]
#L4 0.58 -> 1.76, 2, [128, 128]
#L5 1.76 -> 3.0, 2, [128, 128]
#L6 3.0 -> 0.97, 2, [128, 128]
#L7 0.97 -> 2.44, 2, [128, 128]
#L8 2.44 -> 466.0, 2, [128, 128]
#L2 2.13 -> 2.44, 2, [128, 128]
#L3 2.44 -> 466.0, 2, [128, 128]
#L2 2.13 -> 3.0, 2, [128, 128]
#L3 3.0 -> 0.97, 2, [128, 128]
#L4 0.97 -> 2.44, 2, [128, 128]
#L5 2.44 -> 466.0, 2, [128, 128]
#L2 2.13 -> 466.0, 2, [128, 128]
#L1 root -> 2.14, 5, [2, 28, 48, 75, 76]
#L1 root -> 2.15, 4, [8, 94, 140, 146]
#L1 root -> 2.16, 3, [11, 64, 126]
#L1 root -> 2.17, 5, [9, 101, 112, 116, 126]
#L2 2.17 -> 0.26, 2, [101, 112]
#L2 2.17 -> 21.0, 2, [112, 126]
#L1 root -> 2.19, 4, [28, 47, 118, 139]
#L1 root -> 2.2, 14, [12, 82, 82, 83, 85, 86, 90, 96, 105, 116, 123, 136, 145, 153]
#L2 2.2 -> 0.26, 4, [12, 82, 82, 153]
#L3 0.26 -> 1.77, 2, [82, 82]
#L4 1.77 -> 3.9, 2, [82, 82]
#L5 3.9 -> 1.16, 2, [82, 82]
#L6 1.16 -> 3.14, 2, [82, 82]
#L7 3.14 -> 714.0, 2, [82, 82]
#L2 2.2 -> 0.32, 2, [96, 105]
#L2 2.2 -> 1.16, 3, [82, 82, 96]
#L3 1.16 -> 3.14, 2, [82, 82]
#L4 3.14 -> 714.0, 2, [82, 82]
#L2 2.2 -> 1.38, 2, [90, 145]
#L2 2.2 -> 1.71, 2, [116, 123]
#L2 2.2 -> 1.77, 2, [82, 82]
#L3 1.77 -> 3.9, 2, [82, 82]
#L4 3.9 -> 1.16, 2, [82, 82]
#L5 1.16 -> 3.14, 2, [82, 82]
#L6 3.14 -> 714.0, 2, [82, 82]
#L2 2.2 -> 2.53, 2, [82, 82]
#L3 2.53 -> 0.26, 2, [82, 82]
#L4 0.26 -> 1.77, 2, [82, 82]
#L5 1.77 -> 3.9, 2, [82, 82]
#L6 3.9 -> 1.16, 2, [82, 82]
#L7 1.16 -> 3.14, 2, [82, 82]
#L8 3.14 -> 714.0, 2, [82, 82]
#L2 2.2 -> 3.14, 2, [82, 82]
#L3 3.14 -> 714.0, 2, [82, 82]
#L2 2.2 -> 3.9, 2, [82, 82]
#L3 3.9 -> 1.16, 2, [82, 82]
#L4 1.16 -> 3.14, 2, [82, 82]
#L5 3.14 -> 714.0, 2, [82, 82]
#L2 2.2 -> 7.1, 2, [136, 153]
#L2 2.2 -> 18.5, 2, [136, 145]
#L2 2.2 -> 714.0, 2, [82, 82]
#L1 root -> 2.21, 4, [30, 71, 85, 100]
#L2 2.21 -> 3.05, 2, [71, 85]
#L1 root -> 2.22, 2, [94, 129]
#L2 2.22 -> 2.45, 2, [94, 129]
#L1 root -> 2.23, 4, [65, 78, 101, 147]
#L1 root -> 2.24, 3, [73, 86, 128]
#L1 root -> 2.25, 3, [55, 94, 135]
#L1 root -> 2.26, 7, [81, 87, 93, 95, 97, 166, 176]
#L2 2.26 -> 1.35, 2, [95, 176]
#L2 2.26 -> 1.38, 2, [81, 93]
#L2 2.26 -> 495.0, 2, [87, 93]
#L1 root -> 2.27, 6, [10, 50, 91, 96, 106, 112]
#L2 2.27 -> 0.32, 2, [50, 96]
#L1 root -> 2.28, 8, [21, 47, 61, 67, 95, 108, 154, 172]
#L2 2.28 -> 0.48, 2, [108, 172]
#L2 2.28 -> 1.09, 2, [21, 61]
#L2 2.28 -> 1.63, 2, [108, 172]
#L2 2.28 -> 3.17, 2, [21, 47]
#L2 2.28 -> 3.25, 2, [47, 95]
#L2 2.28 -> 16.0, 3, [21, 47, 61]
#L2 2.28 -> 98.0, 2, [95, 154]
#L1 root -> 2.29, 6, [1, 44, 52, 115, 127, 160]
#L2 2.29 -> 1.04, 2, [1, 115]
#L1 root -> 2.3, 10, [11, 57, 66, 75, 90, 100, 129, 161, 165, 168]
#L2 2.3 -> 0.4, 2, [129, 168]
#L2 2.3 -> 3.21, 2, [75, 90]
#L2 2.3 -> 88.0, 2, [129, 168]
#L1 root -> 2.31, 6, [41, 79, 87, 114, 133, 141]
#L1 root -> 2.32, 7, [12, 84, 91, 131, 140, 156, 171]
#L2 2.32 -> 0.6, 2, [140, 156]
#L2 2.32 -> 0.61, 2, [84, 156]
#L2 2.32 -> 1.25, 2, [131, 171]
#L1 root -> 2.35, 5, [35, 85, 142, 144, 164]
#L2 2.35 -> 0.7, 2, [142, 164]
#L2 2.35 -> 20.0, 2, [142, 144]
#L1 root -> 2.36, 8, [3, 23, 32, 33, 69, 109, 134, 150]
#L2 2.36 -> 0.42, 2, [33, 69]
#L2 2.36 -> 2.88, 2, [23, 32]
#L2 2.36 -> 3.17, 2, [3, 69]
#L2 2.36 -> 21.5, 2, [134, 150]
#L2 2.36 -> 101.0, 2, [3, 23]
#L2 2.36 -> 106.0, 2, [32, 134]
#L1 root -> 2.37, 2, [24, 177]
#L2 2.37 -> 1.46, 2, [24, 177]
#L1 root -> 2.38, 8, [11, 15, 31, 49, 130, 149, 157, 161]
#L2 2.38 -> 1.25, 2, [11, 149]
#L1 root -> 2.39, 3, [14, 125, 172]
#L1 root -> 2.4, 8, [28, 39, 49, 80, 91, 121, 132, 133]
#L2 2.4 -> 0.27, 2, [28, 133]
#L2 2.4 -> 0.32, 2, [49, 121]
#L2 2.4 -> 0.83, 2, [132, 133]
#L2 2.4 -> 2.75, 2, [49, 49]
#L2 2.4 -> 20.0, 2, [121, 132]
#L1 root -> 2.41, 4, [13, 22, 22, 36]
#L2 2.41 -> 0.25, 2, [22, 22]
#L3 0.25 -> 1.98, 2, [22, 22]
#L4 1.98 -> 4.5, 2, [22, 22]
#L5 4.5 -> 1.03, 2, [22, 22]
#L6 1.03 -> 3.52, 2, [22, 22]
#L7 3.52 -> 770.0, 2, [22, 22]
#L2 2.41 -> 1.03, 2, [22, 22]
#L3 1.03 -> 3.52, 2, [22, 22]
#L4 3.52 -> 770.0, 2, [22, 22]
#L2 2.41 -> 1.98, 2, [22, 22]
#L3 1.98 -> 4.5, 2, [22, 22]
#L4 4.5 -> 1.03, 2, [22, 22]
#L5 1.03 -> 3.52, 2, [22, 22]
#L6 3.52 -> 770.0, 2, [22, 22]
#L2 2.41 -> 3.52, 2, [22, 22]
#L3 3.52 -> 770.0, 2, [22, 22]
#L2 2.41 -> 4.5, 2, [22, 22]
#L3 4.5 -> 1.03, 2, [22, 22]
#L4 1.03 -> 3.52, 2, [22, 22]
#L5 3.52 -> 770.0, 2, [22, 22]
#L2 2.41 -> 770.0, 2, [22, 22]
#L1 root -> 2.42, 7, [33, 53, 66, 81, 92, 108, 121]
#L2 2.42 -> 0.32, 2, [53, 121]
#L2 2.42 -> 2.65, 2, [66, 92]
#L1 root -> 2.43, 4, [1, 12, 38, 112]
#L2 2.43 -> 0.26, 2, [12, 112]
#L1 root -> 2.44, 3, [46, 104, 128]
#L1 root -> 2.45, 12, [6, 7, 38, 42, 52, 56, 87, 94, 102, 103, 129, 174]
#L2 2.45 -> 0.34, 2, [6, 103]
#L1 root -> 2.46, 6, [56, 63, 89, 103, 116, 136]
#L2 2.46 -> 2.8, 2, [89, 103]
#L1 root -> 2.48, 8, [19, 24, 77, 114, 148, 152, 173, 175]
#L2 2.48 -> 0.7, 2, [173, 175]
#L2 2.48 -> 1.86, 2, [19, 148]
#L2 2.48 -> 3.93, 2, [19, 24]
#L1 root -> 2.5, 12, [4, 7, 59, 70, 81, 96, 97, 98, 104, 113, 114, 115]
#L2 2.5 -> 2.9, 2, [98, 115]
#L1 root -> 2.51, 5, [8, 38, 40, 83, 173]
#L1 root -> 2.52, 3, [7, 24, 78]
#L1 root -> 2.53, 5, [25, 35, 65, 69, 82]
#L1 root -> 2.54, 2, [137, 162]
#L2 2.54 -> 0.8, 2, [137, 162]
#L1 root -> 2.55, 5, [38, 80, 98, 106, 112]
#L2 2.55 -> 0.29, 2, [38, 98]
#L2 2.55 -> 2.27, 2, [106, 112]
#L1 root -> 2.56, 5, [20, 66, 103, 115, 142]
#L2 2.56 -> 0.37, 2, [66, 142]
#L1 root -> 2.57, 3, [18, 80, 130]
#L1 root -> 2.58, 4, [85, 111, 163, 169]
#L2 2.58 -> 0.6, 2, [163, 163]
#L1 root -> 2.59, 3, [5, 43, 177]
#L2 2.59 -> 3.56, 2, [43, 43]
#L1 root -> 2.6, 13, [8, 13, 37, 52, 55, 74, 88, 96, 124, 126, 130, 160, 167]
#L2 2.6 -> 0.21, 2, [55, 74]
#L2 2.6 -> 0.92, 2, [55, 167]
#L2 2.6 -> 1.36, 2, [37, 88]
#L2 2.6 -> 2.29, 2, [52, 160]
#L2 2.6 -> 2.76, 2, [13, 126]
#L2 2.6 -> 2.9, 2, [13, 55]
#L2 2.6 -> 5.6, 2, [13, 52]
#L1 root -> 2.61, 5, [8, 23, 25, 25, 140]
#L2 2.61 -> 0.28, 2, [25, 25]
#L3 0.28 -> 1.66, 2, [25, 25]
#L4 1.66 -> 3.52, 2, [25, 25]
#L5 3.52 -> 1.12, 2, [25, 25]
#L6 1.12 -> 3.82, 2, [25, 25]
#L7 3.82 -> 845.0, 2, [25, 25]
#L2 2.61 -> 1.12, 2, [25, 25]
#L3 1.12 -> 3.82, 2, [25, 25]
#L4 3.82 -> 845.0, 2, [25, 25]
#L2 2.61 -> 1.66, 2, [25, 25]
#L3 1.66 -> 3.52, 2, [25, 25]
#L4 3.52 -> 1.12, 2, [25, 25]
#L5 1.12 -> 3.82, 2, [25, 25]
#L6 3.82 -> 845.0, 2, [25, 25]
#L2 2.61 -> 3.52, 2, [25, 25]
#L3 3.52 -> 1.12, 2, [25, 25]
#L4 1.12 -> 3.82, 2, [25, 25]
#L5 3.82 -> 845.0, 2, [25, 25]
#L2 2.61 -> 3.82, 2, [25, 25]
#L3 3.82 -> 845.0, 2, [25, 25]
#L2 2.61 -> 845.0, 2, [25, 25]
#L1 root -> 2.62, 6, [18, 27, 86, 88, 124, 151]
#L2 2.62 -> 0.4, 2, [18, 88]
#L2 2.62 -> 2.6, 2, [88, 124]
#L1 root -> 2.63, 3, [26, 44, 96]
#L1 root -> 2.64, 5, [39, 44, 138, 158, 160]
#L2 2.64 -> 0.63, 2, [138, 158]
#L2 2.64 -> 0.82, 2, [44, 138]
#L2 2.64 -> 1.1, 2, [138, 160]
#L1 root -> 2.65, 12, [2, 17, 22, 30, 35, 46, 66, 78, 92, 110, 124, 126]
#L2 2.65 -> 0.26, 2, [2, 30]
#L2 2.65 -> 0.3, 2, [46, 124]
#L2 2.65 -> 0.37, 2, [66, 126]
#L2 2.65 -> 0.96, 2, [78, 110]
#L2 2.65 -> 1.98, 2, [22, 30]
#L2 2.65 -> 2.41, 2, [22, 22]
#L2 2.65 -> 2.76, 2, [2, 126]
#L1 root -> 2.67, 3, [3, 72, 152]
#L2 2.67 -> 1.36, 2, [72, 152]
#L1 root -> 2.68, 6, [26, 37, 42, 54, 58, 113]
#L2 2.68 -> 1.13, 2, [26, 54]
#L2 2.68 -> 3.0, 3, [42, 54, 58]
#L1 root -> 2.69, 4, [5, 33, 39, 169]
#L2 2.69 -> 0.39, 2, [5, 169]
#L1 root -> 2.7, 11, [16, 20, 31, 34, 36, 106, 109, 110, 141, 159, 159]
#L2 2.7 -> 0.29, 2, [31, 110]
#L2 2.7 -> 0.5, 2, [34, 141]
#L2 2.7 -> 0.53, 2, [141, 159]
#L2 2.7 -> 0.57, 2, [159, 159]
#L3 0.57 -> 1.96, 2, [159, 159]
#L4 1.96 -> 660.0, 2, [159, 159]
#L2 2.7 -> 0.86, 2, [106, 109]
#L2 2.7 -> 0.96, 2, [20, 110]
#L2 2.7 -> 1.96, 2, [159, 159]
#L3 1.96 -> 660.0, 2, [159, 159]
#L2 2.7 -> 2.74, 2, [34, 110]
#L2 2.7 -> 3.0, 2, [31, 34]
#L2 2.7 -> 5.1, 2, [20, 36]
#L2 2.7 -> 13.0, 2, [159, 159]
#L3 13.0 -> 0.57, 2, [159, 159]
#L4 0.57 -> 1.96, 2, [159, 159]
#L5 1.96 -> 660.0, 2, [159, 159]
#L2 2.7 -> 660.0, 2, [159, 159]
#L1 root -> 2.72, 4, [17, 51, 83, 143]
#L2 2.72 -> 2.91, 2, [51, 51]
#L1 root -> 2.73, 2, [14, 123]
#L1 root -> 2.74, 6, [34, 97, 98, 110, 127, 178]
#L2 2.74 -> 1.35, 2, [34, 178]
#L2 2.74 -> 1.6, 2, [97, 178]
#L1 root -> 2.75, 4, [49, 49, 89, 153]
#L2 2.75 -> 1060.0, 2, [49, 49]
#L1 root -> 2.76, 5, [2, 13, 79, 126, 165]
#L2 2.76 -> 3.4, 2, [2, 79]
#L1 root -> 2.77, 3, [28, 99, 102]
#L1 root -> 2.78, 6, [37, 56, 73, 112, 128, 129]
#L1 root -> 2.79, 2, [54, 121]
#L1 root -> 2.8, 10, [1, 3, 5, 9, 17, 29, 89, 103, 125, 159]
#L2 2.8 -> 1.04, 2, [1, 5]
#L1 root -> 2.81, 5, [3, 14, 100, 111, 141]
#L1 root -> 2.82, 2, [12, 19]
#L1 root -> 2.83, 3, [80, 94, 100]
#L1 root -> 2.84, 3, [37, 58, 127]
#L1 root -> 2.85, 7, [6, 9, 16, 27, 46, 70, 100]
#L2 2.85 -> 0.3, 2, [16, 46]
#L2 2.85 -> 1.28, 2, [16, 70]
#L1 root -> 2.86, 4, [32, 72, 125, 170]
#L2 2.86 -> 0.21, 2, [72, 125]
#L1 root -> 2.87, 6, [5, 33, 35, 59, 64, 116]
#L1 root -> 2.88, 4, [16, 23, 32, 50]
#L1 root -> 2.89, 2, [74, 78]
#L1 root -> 2.9, 6, [13, 55, 98, 111, 115, 121]
#L1 root -> 2.91, 4, [16, 51, 51, 125]
#L2 2.91 -> 1150.0, 2, [51, 51]
#L1 root -> 2.92, 3, [49, 110, 113]
#L1 root -> 2.93, 2, [5, 54]
#L1 root -> 2.94, 2, [27, 105]
#L1 root -> 2.95, 6, [11, 18, 29, 34, 65, 72]
#L2 2.95 -> 1.25, 3, [11, 29, 34]
#L2 2.95 -> 3.4, 2, [18, 29]
#L1 root -> 2.96, 6, [15, 56, 95, 101, 118, 140]
#L2 2.96 -> 345.0, 2, [95, 118]
#L1 root -> 2.98, 4, [9, 10, 36, 67]
#L2 2.98 -> 0.26, 2, [36, 67]
#L2 2.98 -> 3.18, 2, [67, 67]
#L2 2.98 -> 1045.0, 2, [9, 10]
#L1 root -> 2.99, 3, [52, 100, 132]
#L2 2.99 -> 1.42, 2, [100, 132]
#L1 root -> 3.0, 61, [15, 21, 31, 34, 40, 42, 44, 45, 45, 54, 57, 58, 128, 131, 132, 133, 134, 135, 136, 137, 138, 139, 140, 141, 142, 143, 144, 145, 146, 147, 148, 149, 150, 151, 152, 153, 154, 155, 156, 157, 158, 159, 160, 161, 162, 163, 164, 165, 166, 167, 168, 169, 170, 171, 172, 173, 174, 175, 176, 177, 178]
#L2 3.0 -> 0.24, 3, [21, 132, 152]
#L2 3.0 -> 0.26, 2, [57, 153]
#L2 3.0 -> 0.27, 2, [133, 170]
#L2 3.0 -> 0.28, 2, [45, 45]
#L3 0.28 -> 2.03, 2, [45, 45]
#L4 2.03 -> 5.04, 2, [45, 45]
#L5 5.04 -> 0.88, 2, [45, 45]
#L6 0.88 -> 3.35, 2, [45, 45]
#L7 3.35 -> 885.0, 2, [45, 45]
#L2 3.0 -> 0.29, 2, [31, 145]
#L2 3.0 -> 0.34, 2, [147, 150]
#L2 3.0 -> 0.39, 2, [54, 169]
#L2 3.0 -> 0.4, 4, [147, 164, 168, 171]
#L2 3.0 -> 0.43, 4, [146, 167, 175, 176]
#L2 3.0 -> 0.47, 4, [137, 144, 148, 166]
#L2 3.0 -> 0.48, 4, [139, 152, 157, 172]
#L2 3.0 -> 0.5, 5, [141, 142, 143, 161, 162]
#L2 3.0 -> 0.52, 4, [143, 160, 166, 174]
#L2 3.0 -> 0.53, 6, [137, 140, 141, 155, 159, 177]
#L2 3.0 -> 0.55, 3, [143, 146, 149]
#L2 3.0 -> 0.56, 4, [154, 161, 162, 178]
#L2 3.0 -> 0.57, 5, [150, 157, 159, 160, 172]
#L2 3.0 -> 0.58, 6, [135, 139, 147, 155, 155, 158]
#L2 3.0 -> 0.59, 2, [151, 176]
#L2 3.0 -> 0.6, 8, [135, 138, 140, 146, 156, 163, 163, 177]
#L2 3.0 -> 0.61, 5, [153, 154, 156, 174, 178]
#L2 3.0 -> 0.63, 4, [136, 138, 156, 158]
#L2 3.0 -> 0.64, 3, [142, 172, 174]
#L2 3.0 -> 0.65, 2, [145, 148]
#L2 3.0 -> 0.66, 4, [133, 136, 168, 171]
#L2 3.0 -> 0.67, 2, [158, 170]
#L2 3.0 -> 0.68, 4, [147, 164, 165, 177]
#L2 3.0 -> 0.7, 5, [142, 164, 165, 173, 175]
#L2 3.0 -> 0.73, 2, [136, 171]
#L2 3.0 -> 0.74, 2, [132, 169]
#L2 3.0 -> 0.75, 4, [135, 137, 141, 175]
#L2 3.0 -> 0.76, 3, [131, 149, 178]
#L2 3.0 -> 0.78, 3, [134, 145, 166]
#L2 3.0 -> 0.8, 3, [137, 144, 162]
#L2 3.0 -> 0.81, 2, [139, 140]
#L2 3.0 -> 0.83, 4, [132, 133, 154, 157]
#L2 3.0 -> 0.84, 2, [134, 169]
#L2 3.0 -> 0.88, 3, [45, 45, 139]
#L3 0.88 -> 3.35, 2, [45, 45]
#L4 3.35 -> 885.0, 2, [45, 45]
#L2 3.0 -> 0.89, 3, [40, 140, 143]
#L2 3.0 -> 0.92, 2, [161, 167]
#L2 3.0 -> 0.94, 4, [57, 131, 136, 164]
#L2 3.0 -> 0.96, 3, [162, 163, 170]
#L2 3.0 -> 0.97, 2, [128, 168]
#L2 3.0 -> 1.09, 2, [21, 133]
#L2 3.0 -> 1.1, 2, [138, 160]
#L2 3.0 -> 1.14, 3, [145, 150, 158]
#L2 3.0 -> 1.15, 2, [133, 166]
#L2 3.0 -> 1.24, 2, [135, 173]
#L2 3.0 -> 1.25, 5, [131, 135, 149, 151, 171]
#L2 3.0 -> 1.28, 2, [153, 166]
#L2 3.0 -> 1.29, 3, [131, 134, 155]
#L2 3.0 -> 1.3, 3, [132, 146, 151]
#L2 3.0 -> 1.33, 3, [147, 150, 153]
#L2 3.0 -> 1.35, 4, [131, 165, 176, 178]
#L2 3.0 -> 1.36, 2, [133, 152]
#L2 3.0 -> 1.38, 2, [137, 145]
#L2 3.0 -> 1.39, 3, [150, 164, 172]
#L2 3.0 -> 1.4, 3, [142, 151, 155]
#L2 3.0 -> 1.41, 2, [150, 175]
#L2 3.0 -> 1.46, 2, [167, 177]
#L2 3.0 -> 1.48, 4, [152, 155, 156, 168]
#L2 3.0 -> 1.51, 3, [131, 135, 154]
#L2 3.0 -> 1.54, 2, [141, 169]
#L2 3.0 -> 1.55, 4, [143, 155, 156, 169]
#L2 3.0 -> 1.56, 5, [153, 157, 167, 175, 176]
#L2 3.0 -> 1.58, 2, [136, 161]
#L2 3.0 -> 1.62, 4, [136, 139, 149, 177]
#L2 3.0 -> 1.65, 2, [163, 177]
#L2 3.0 -> 1.68, 6, [54, 146, 159, 165, 173, 174]
#L2 3.0 -> 1.7, 3, [134, 148, 167]
#L2 3.0 -> 1.74, 2, [156, 174]
#L2 3.0 -> 1.75, 3, [164, 166, 168]
#L2 3.0 -> 1.8, 4, [154, 157, 169, 175]
#L3 1.8 -> 0.83, 2, [154, 157]
#L2 3.0 -> 1.82, 2, [139, 162]
#L2 3.0 -> 1.83, 2, [162, 171]
#L2 3.0 -> 1.9, 2, [153, 158]
#L2 3.0 -> 2.0, 3, [135, 144, 145]
#L2 3.0 -> 2.03, 3, [45, 45, 57]
#L3 2.03 -> 5.04, 2, [45, 45]
#L4 5.04 -> 0.88, 2, [45, 45]
#L5 0.88 -> 3.35, 2, [45, 45]
#L6 3.35 -> 885.0, 2, [45, 45]
#L2 3.0 -> 2.05, 2, [144, 178]
#L2 3.0 -> 2.1, 2, [21, 155]
#L2 3.0 -> 2.15, 2, [140, 146]
#L2 3.0 -> 2.2, 3, [136, 145, 153]
#L3 2.2 -> 18.5, 2, [136, 145]
#L2 3.0 -> 2.26, 2, [166, 176]
#L2 3.0 -> 2.28, 2, [154, 172]
#L2 3.0 -> 2.3, 3, [161, 165, 168]
#L2 3.0 -> 2.31, 2, [133, 141]
#L2 3.0 -> 2.32, 4, [131, 140, 156, 171]
#L2 3.0 -> 2.35, 3, [142, 144, 164]
#L3 2.35 -> 20.0, 2, [142, 144]
#L2 3.0 -> 2.36, 2, [134, 150]
#L3 2.36 -> 21.5, 2, [134, 150]
#L2 3.0 -> 2.38, 4, [31, 149, 157, 161]
#L2 3.0 -> 2.4, 2, [132, 133]
#L2 3.0 -> 2.48, 4, [148, 152, 173, 175]
#L2 3.0 -> 2.54, 2, [137, 162]
#L2 3.0 -> 2.58, 2, [163, 169]
#L2 3.0 -> 2.6, 2, [160, 167]
#L2 3.0 -> 2.64, 3, [138, 158, 160]
#L2 3.0 -> 2.7, 3, [141, 159, 159]
#L2 3.0 -> 3.03, 2, [158, 171]
#L2 3.0 -> 3.17, 2, [21, 143]
#L2 3.0 -> 3.35, 2, [45, 45]
#L3 3.35 -> 885.0, 2, [45, 45]
#L2 3.0 -> 4.1, 2, [131, 178]
#L2 3.0 -> 4.6, 2, [141, 170]
#L2 3.0 -> 5.0, 2, [134, 138]
#L2 3.0 -> 5.04, 3, [45, 45, 147]
#L3 5.04 -> 0.88, 2, [45, 45]
#L4 0.88 -> 3.35, 2, [45, 45]
#L5 3.35 -> 885.0, 2, [45, 45]
#L2 3.0 -> 5.65, 2, [21, 174]
#L2 3.0 -> 5.7, 3, [31, 133, 139]
#L2 3.0 -> 7.1, 2, [136, 153]
#L2 3.0 -> 7.65, 2, [148, 161]
#L2 3.0 -> 12.25, 2, [137, 145]
#L2 3.0 -> 13.17, 2, [156, 177]
#L2 3.0 -> 13.4, 2, [170, 175]
#L2 3.0 -> 18.5, 4, [136, 145, 154, 164]
#L2 3.0 -> 19.5, 4, [139, 157, 168, 172]
#L3 19.5 -> 88.0, 2, [139, 168]
#L2 3.0 -> 20.0, 9, [132, 142, 144, 147, 155, 162, 173, 176, 177]
#L3 20.0 -> 120.0, 2, [176, 177]
#L2 3.0 -> 21.0, 4, [137, 141, 146, 161]
#L2 3.0 -> 21.5, 4, [134, 148, 149, 150]
#L2 3.0 -> 22.0, 4, [152, 156, 163, 165]
#L2 3.0 -> 22.5, 2, [160, 166]
#L2 3.0 -> 23.0, 2, [167, 175]
#L2 3.0 -> 24.0, 3, [133, 140, 151]
#L2 3.0 -> 24.5, 2, [169, 178]
#L2 3.0 -> 25.0, 3, [138, 159, 170]
#L2 3.0 -> 86.0, 2, [148, 172]
#L2 3.0 -> 88.0, 4, [139, 161, 166, 168]
#L2 3.0 -> 89.0, 4, [137, 142, 157, 160]
#L2 3.0 -> 92.0, 2, [144, 149]
#L2 3.0 -> 96.0, 4, [138, 141, 171, 178]
#L2 3.0 -> 97.0, 2, [143, 158]
#L2 3.0 -> 98.0, 3, [133, 154, 159]
#L2 3.0 -> 102.0, 2, [146, 175]
#L2 3.0 -> 106.0, 3, [134, 163, 164]
#L2 3.0 -> 112.0, 3, [145, 152, 170]
#L2 3.0 -> 120.0, 2, [176, 177]
#L2 3.0 -> 480.0, 2, [152, 157]
#L2 3.0 -> 520.0, 3, [143, 161, 166]
#L2 3.0 -> 550.0, 2, [144, 150]
#L2 3.0 -> 560.0, 2, [133, 178]
#L2 3.0 -> 600.0, 2, [134, 141]
#L2 3.0 -> 630.0, 2, [131, 170]
#L2 3.0 -> 650.0, 2, [135, 149]
#L2 3.0 -> 660.0, 2, [159, 173]
#L2 3.0 -> 675.0, 2, [154, 164]
#L2 3.0 -> 680.0, 2, [44, 162]
#L2 3.0 -> 695.0, 2, [136, 167]
#L2 3.0 -> 750.0, 2, [169, 175]
#L2 3.0 -> 780.0, 2, [21, 142]
#L2 3.0 -> 885.0, 2, [45, 45]
#L1 root -> 3.02, 2, [95, 109]
#L1 root -> 3.03, 5, [20, 56, 125, 158, 171]
#L1 root -> 3.05, 4, [71, 85, 93, 120]
#L1 root -> 3.08, 2, [85, 114]
#L1 root -> 3.1, 6, [14, 20, 48, 50, 64, 124]
#L1 root -> 3.12, 3, [81, 123, 151]
#L1 root -> 3.13, 2, [75, 80]
#L1 root -> 3.14, 2, [17, 82]
#L1 root -> 3.15, 3, [10, 41, 127]
#L1 root -> 3.16, 2, [72, 86]
#L1 root -> 3.17, 8, [3, 11, 21, 47, 69, 100, 107, 143]
#L1 root -> 3.18, 4, [67, 67, 111, 122]
#L2 3.18 -> 502.0, 2, [67, 67]
#L1 root -> 3.19, 2, [32, 115]
#L1 root -> 3.2, 3, [26, 55, 57]
#L1 root -> 3.21, 3, [75, 88, 90]
#L1 root -> 3.22, 2, [26, 27]
#L1 root -> 3.23, 2, [58, 122]
#L2 3.23 -> 6.0, 2, [58, 122]
#L1 root -> 3.24, 2, [3, 149]
#L1 root -> 3.25, 5, [31, 43, 47, 95, 121]
#L2 3.25 -> 3.56, 2, [43, 43]
#L1 root -> 3.26, 3, [53, 110, 162]
#L2 3.26 -> 680.0, 2, [110, 162]
#L1 root -> 3.27, 4, [6, 51, 61, 163]
#L2 3.27 -> 0.6, 2, [163, 163]
#L2 3.27 -> 2.91, 2, [51, 51]
#L1 root -> 3.28, 2, [96, 126]
#L1 root -> 3.3, 8, [15, 19, 74, 94, 101, 106, 108, 154]
#L2 3.3 -> 2.96, 2, [15, 101]
#L1 root -> 3.33, 3, [46, 48, 117]
#L1 root -> 3.35, 2, [45, 74]
#L1 root -> 3.37, 2, [52, 168]
#L1 root -> 3.38, 4, [41, 72, 75, 103]
#L1 root -> 3.39, 3, [6, 48, 121]
#L1 root -> 3.4, 7, [2, 18, 29, 59, 79, 107, 119]
#L1 root -> 3.43, 2, [119, 120]
#L2 3.43 -> 2.0, 2, [120, 120]
#L1 root -> 3.45, 2, [4, 164]
#L1 root -> 3.5, 2, [64, 74]
#L1 root -> 3.52, 3, [22, 25, 99]
#L1 root -> 3.55, 2, [10, 134]
#L1 root -> 3.56, 2, [43, 43]
#L2 3.56 -> 1095.0, 2, [43, 43]
#L1 root -> 3.57, 2, [105, 146]
#L1 root -> 3.58, 4, [7, 8, 26, 111]
#L1 root -> 3.59, 3, [30, 47, 139]
#L2 3.59 -> 2.19, 2, [47, 139]
#L1 root -> 3.64, 2, [15, 125]
#L1 root -> 3.69, 2, [14, 122]
#L1 root -> 3.7, 2, [39, 167]
#L1 root -> 3.74, 3, [53, 73, 111]
#L1 root -> 3.8, 5, [22, 23, 63, 76, 113]
#L2 3.8 -> 1.23, 3, [63, 76, 113]
#L2 3.8 -> 2.41, 2, [22, 22]
#L1 root -> 3.84, 2, [33, 42]
#L1 root -> 3.85, 2, [4, 137]
#L1 root -> 3.88, 2, [53, 145]
#L1 root -> 3.9, 2, [82, 150]
#L1 root -> 3.93, 2, [19, 24]
#L1 root -> 4.0, 2, [23, 146]
#L1 root -> 4.1, 2, [131, 178]
#L2 4.1 -> 0.76, 2, [131, 178]
#L1 root -> 4.28, 2, [42, 176]
#L1 root -> 4.36, 2, [44, 166]
#L1 root -> 4.5, 3, [22, 29, 99]
#L1 root -> 4.6, 5, [37, 66, 77, 141, 170]
#L2 4.6 -> 1.19, 2, [66, 77]
#L1 root -> 4.8, 2, [27, 84]
#L1 root -> 4.9, 2, [47, 147]
#L1 root -> 5.0, 3, [12, 134, 138]
#L1 root -> 5.04, 2, [45, 147]
#L1 root -> 5.1, 3, [20, 36, 40]
#L1 root -> 5.4, 3, [14, 34, 132]
#L2 5.4 -> 1.25, 2, [14, 34]
#L1 root -> 5.6, 3, [13, 52, 142]
#L1 root -> 5.65, 2, [21, 174]
#L1 root -> 5.7, 3, [31, 133, 139]
#L1 root -> 5.75, 2, [11, 62]
#L1 root -> 6.0, 2, [58, 122]
#L1 root -> 6.2, 2, [17, 49]
#L2 6.2 -> 1.07, 2, [17, 49]
#L1 root -> 7.1, 2, [136, 153]
#L1 root -> 7.3, 2, [16, 175]
#L1 root -> 7.5, 2, [15, 158]
#L1 root -> 7.65, 2, [148, 161]
#L1 root -> 11.82, 2, [104, 117]
#L2 11.82 -> 86.0, 2, [104, 117]
#L1 root -> 11.84, 2, [78, 85]
#L2 11.84 -> 18.0, 2, [78, 85]
#L1 root -> 12.0, 4, [15, 81, 92, 120]
#L2 12.0 -> 2.0, 3, [81, 120, 120]
#L3 2.0 -> 19.0, 2, [81, 120]
#L2 12.0 -> 2.42, 2, [81, 92]
#L2 12.0 -> 19.0, 2, [81, 120]
#L2 12.0 -> 86.0, 2, [81, 92]
#L1 root -> 12.08, 5, [83, 90, 91, 101, 115]
#L2 12.08 -> 1.4, 2, [83, 101]
#L2 12.08 -> 2.2, 2, [83, 90]
#L1 root -> 12.25, 3, [107, 137, 145]
#L2 12.25 -> 1.38, 2, [137, 145]
#L1 root -> 12.29, 4, [71, 94, 98, 100]
#L2 12.29 -> 2.21, 2, [71, 100]
#L2 12.29 -> 2.83, 2, [94, 100]
#L2 12.29 -> 18.0, 2, [94, 100]
#L3 18.0 -> 88.0, 2, [94, 100]
#L2 12.29 -> 88.0, 2, [94, 100]
#L1 root -> 12.33, 2, [61, 79]
#L1 root -> 12.37, 6, [60, 64, 66, 68, 99, 129]
#L2 12.37 -> 1.04, 2, [68, 99]
#L2 12.37 -> 1.95, 2, [60, 99]
#L2 12.37 -> 2.3, 2, [66, 129]
#L2 12.37 -> 88.0, 3, [60, 99, 129]
#L1 root -> 12.42, 3, [106, 118, 123]
#L2 12.42 -> 1.61, 2, [118, 118]
#L1 root -> 12.51, 2, [105, 135]
#L2 12.51 -> 85.0, 2, [105, 135]
#L1 root -> 12.6, 2, [102, 136]
#L2 12.6 -> 18.5, 2, [102, 136]
#L1 root -> 12.7, 2, [80, 134]
#L1 root -> 12.72, 2, [82, 108]
#L2 12.72 -> 2.2, 2, [82, 82]
#L1 root -> 12.77, 2, [119, 172]
#L2 12.77 -> 1.63, 2, [119, 172]
#L1 root -> 12.85, 2, [24, 163]
#L2 12.85 -> 0.6, 2, [163, 163]
#L1 root -> 12.93, 2, [22, 141]
#L2 12.93 -> 2.41, 2, [22, 22]
#L1 root -> 13.05, 6, [26, 38, 45, 51, 84, 124]
#L2 13.05 -> 1.12, 2, [38, 51]
#L2 13.05 -> 1.65, 2, [38, 84]
#L2 13.05 -> 2.01, 2, [84, 124]
#L2 13.05 -> 2.91, 2, [51, 51]
#L2 13.05 -> 3.0, 2, [45, 45]
#L1 root -> 13.11, 2, [67, 153]
#L2 13.11 -> 0.26, 2, [67, 153]
#L2 13.11 -> 3.18, 2, [67, 67]
#L1 root -> 13.16, 2, [3, 146]
#L1 root -> 13.17, 2, [156, 177]
#L2 13.17 -> 0.6, 2, [156, 177]
#L1 root -> 13.2, 2, [2, 40]
#L1 root -> 13.24, 2, [5, 44]
#L1 root -> 13.4, 2, [170, 175]
#L1 root -> 13.48, 2, [36, 160]
#L1 root -> 13.49, 2, [73, 139]
#L1 root -> 13.5, 2, [25, 151]
#L2 13.5 -> 2.61, 2, [25, 25]
#L1 root -> 13.56, 2, [41, 56]
#L1 root -> 13.58, 2, [32, 169]
#L1 root -> 13.71, 2, [23, 174]
#L1 root -> 13.73, 2, [31, 166]
#L2 13.73 -> 22.5, 2, [31, 166]
#L1 root -> 13.83, 2, [18, 52]
#L1 root -> 13.86, 2, [10, 72]
#L1 root -> 13.88, 2, [43, 147]
#L2 13.88 -> 3.56, 2, [43, 43]
#L1 root -> 14.0, 2, [9, 53]
#L1 root -> 14.06, 2, [8, 21]
#L1 root -> 14.1, 2, [11, 49]
#L2 14.1 -> 2.38, 2, [11, 49]
#L2 14.1 -> 2.75, 2, [49, 49]
#L1 root -> 14.22, 2, [40, 57]
#L2 14.22 -> 3.0, 2, [40, 57]
#L1 root -> 14.38, 2, [15, 47]
#L2 14.38 -> 102.0, 2, [15, 47]
#L1 root -> 15.0, 2, [43, 67]
#L2 15.0 -> 3.18, 2, [67, 67]
#L2 15.0 -> 3.56, 2, [43, 43]
#L1 root -> 15.2, 2, [6, 20]
#L1 root -> 15.5, 2, [37, 39]
#L1 root -> 16.0, 11, [10, 13, 21, 30, 47, 48, 61, 76, 77, 98, 119]
#L2 16.0 -> 0.24, 2, [21, 77]
#L2 16.0 -> 0.29, 2, [13, 98]
#L2 16.0 -> 1.04, 2, [30, 47]
#L2 16.0 -> 1.09, 2, [21, 61]
#L2 16.0 -> 1.15, 2, [13, 76]
#L2 16.0 -> 1.23, 2, [76, 98]
#L2 16.0 -> 1.25, 2, [61, 119]
#L2 16.0 -> 2.14, 2, [48, 76]
#L2 16.0 -> 2.9, 2, [13, 98]
#L2 16.0 -> 3.17, 2, [21, 47]
#L2 16.0 -> 101.0, 2, [48, 61]
#L2 16.0 -> 428.0, 2, [76, 98]
#L1 root -> 16.8, 5, [4, 12, 58, 62, 70]
#L2 16.8 -> 1.28, 2, [70, 70]
#L1 root -> 17.0, 3, [28, 45, 69]
#L2 17.0 -> 1.02, 2, [28, 69]
#L2 17.0 -> 3.0, 2, [45, 45]
#L1 root -> 17.2, 3, [16, 33, 52]
#L1 root -> 17.5, 3, [44, 101, 135]
#L1 root -> 18.0, 10, [11, 38, 63, 78, 85, 86, 94, 95, 100, 131]
#L2 18.0 -> 0.22, 2, [11, 85]
#L2 18.0 -> 1.23, 2, [63, 86]
#L2 18.0 -> 1.25, 2, [11, 131]
#L2 18.0 -> 2.2, 2, [85, 86]
#L2 18.0 -> 2.45, 2, [38, 94]
#L2 18.0 -> 88.0, 2, [94, 100]
#L2 18.0 -> 94.0, 2, [63, 85]
#L2 18.0 -> 98.0, 2, [38, 95]
#L2 18.0 -> 630.0, 2, [63, 131]
#L1 root -> 18.5, 7, [91, 99, 102, 136, 145, 154, 164]
#L2 18.5 -> 0.29, 2, [102, 145]
#L2 18.5 -> 0.94, 2, [136, 164]
#L2 18.5 -> 1.04, 2, [99, 102]
#L3 1.04 -> 2.77, 2, [99, 102]
#L2 18.5 -> 2.77, 2, [99, 102]
#L2 18.5 -> 88.0, 2, [99, 102]
#L2 18.5 -> 675.0, 2, [154, 164]
#L1 root -> 18.6, 2, [3, 22]
#L2 18.6 -> 1.03, 2, [3, 22]
#L2 18.6 -> 2.41, 2, [22, 22]
#L1 root -> 18.8, 3, [42, 49, 82]
#L2 18.8 -> 2.75, 2, [49, 49]
#L1 root -> 19.0, 9, [35, 64, 65, 81, 96, 107, 109, 120, 171]
#L2 19.0 -> 0.37, 2, [107, 120]
#L2 19.0 -> 1.87, 2, [64, 120]
#L2 19.0 -> 2.5, 2, [81, 96]
#L2 19.0 -> 2.87, 2, [35, 64]
#L2 19.0 -> 87.0, 2, [64, 120]
#L2 19.0 -> 510.0, 2, [107, 171]
#L1 root -> 19.5, 7, [34, 104, 111, 139, 157, 168, 172]
#L2 19.5 -> 0.48, 3, [139, 157, 172]
#L2 19.5 -> 0.57, 2, [157, 172]
#L2 19.5 -> 1.64, 2, [104, 157]
#L2 19.5 -> 86.0, 2, [104, 172]
#L2 19.5 -> 88.0, 2, [139, 168]
#L1 root -> 20.0, 15, [17, 18, 25, 110, 113, 121, 132, 142, 144, 147, 155, 162, 173, 176, 177]
#L2 20.0 -> 0.4, 2, [18, 147]
#L2 20.0 -> 0.5, 2, [142, 162]
#L2 20.0 -> 0.53, 2, [155, 177]
#L2 20.0 -> 0.58, 3, [147, 155, 155]
#L2 20.0 -> 0.6, 2, [113, 177]
#L2 20.0 -> 0.68, 2, [147, 177]
#L2 20.0 -> 0.7, 2, [142, 173]
#L2 20.0 -> 0.8, 3, [121, 144, 162]
#L2 20.0 -> 0.96, 2, [110, 162]
#L2 20.0 -> 1.4, 2, [142, 155]
#L2 20.0 -> 1.83, 2, [121, 162]
#L2 20.0 -> 2.65, 2, [17, 110]
#L2 20.0 -> 96.0, 2, [25, 121]
#L2 20.0 -> 103.0, 2, [113, 155]
#L2 20.0 -> 120.0, 3, [17, 176, 177]
#L2 20.0 -> 680.0, 2, [110, 162]
#L1 root -> 20.5, 4, [36, 56, 105, 174]
#L2 20.5 -> 1.04, 2, [36, 105]
#L1 root -> 21.0, 11, [5, 75, 103, 112, 114, 125, 126, 137, 141, 146, 161]
#L2 21.0 -> 0.5, 2, [141, 161]
#L2 21.0 -> 0.53, 2, [137, 141]
#L2 21.0 -> 0.75, 3, [125, 137, 141]
#L2 21.0 -> 0.8, 2, [103, 137]
#L2 21.0 -> 1.04, 2, [5, 161]
#L2 21.0 -> 2.31, 2, [114, 141]
#L2 21.0 -> 2.8, 3, [5, 103, 125]
#L2 21.0 -> 3.38, 2, [75, 103]
#L2 21.0 -> 88.0, 3, [112, 114, 161]
#L1 root -> 21.5, 8, [97, 116, 124, 127, 134, 148, 149, 150]
#L2 21.5 -> 1.7, 2, [134, 148]
#L2 21.5 -> 2.01, 2, [116, 124]
#L2 21.5 -> 86.0, 3, [124, 127, 148]
#L2 21.5 -> 625.0, 2, [97, 148]
#L1 root -> 22.0, 7, [92, 106, 130, 152, 156, 163, 165]
#L2 22.0 -> 0.6, 3, [156, 163, 163]
#L2 22.0 -> 1.35, 2, [130, 165]
#L2 22.0 -> 1.48, 2, [152, 156]
#L2 22.0 -> 1.68, 2, [106, 165]
#L2 22.0 -> 90.0, 2, [106, 165]
#L1 root -> 22.5, 7, [31, 84, 108, 115, 118, 160, 166]
#L2 22.5 -> 0.52, 2, [160, 166]
#L2 22.5 -> 2.29, 2, [115, 160]
#L2 22.5 -> 84.0, 2, [108, 115]
#L1 root -> 23.0, 3, [80, 167, 175]
#L2 23.0 -> 0.43, 3, [80, 167, 175]
#L2 23.0 -> 1.56, 2, [167, 175]
#L1 root -> 24.0, 5, [73, 83, 133, 140, 151]
#L2 24.0 -> 0.27, 2, [73, 133]
#L2 24.0 -> 1.4, 2, [83, 151]
#L1 root -> 24.5, 3, [129, 169, 178]
#L1 root -> 25.0, 5, [26, 72, 138, 159, 170]
#L2 25.0 -> 1.92, 2, [26, 170]
#L1 root -> 28.5, 2, [122, 128]
#L1 root -> 78.0, 3, [67, 68, 83]
#L2 78.0 -> 1.12, 2, [67, 68]
#L2 78.0 -> 2.0, 2, [68, 83]
#L2 78.0 -> 3.18, 2, [67, 67]
#L1 root -> 80.0, 5, [93, 107, 119, 130, 147]
#L2 80.0 -> 0.58, 2, [93, 147]
#L2 80.0 -> 1.63, 2, [107, 119]
#L2 80.0 -> 3.4, 2, [107, 119]
#L1 root -> 84.0, 3, [89, 108, 115]
#L2 84.0 -> 0.48, 2, [89, 108]
#L1 root -> 85.0, 6, [84, 98, 105, 116, 126, 135]
#L2 85.0 -> 2.01, 2, [84, 116]
#L1 root -> 86.0, 11, [72, 77, 81, 82, 92, 104, 117, 124, 127, 148, 172]
#L2 86.0 -> 0.3, 3, [81, 117, 124]
#L2 86.0 -> 1.63, 2, [92, 172]
#L2 86.0 -> 1.77, 2, [82, 127]
#L2 86.0 -> 1.95, 2, [77, 117]
#L2 86.0 -> 2.5, 2, [81, 104]
#L2 86.0 -> 2.65, 2, [92, 124]
#L1 root -> 87.0, 3, [64, 73, 120]
#L2 87.0 -> 1.87, 2, [64, 120]
#L1 root -> 88.0, 13, [60, 88, 94, 99, 100, 102, 112, 114, 129, 139, 161, 166, 168]
#L2 88.0 -> 0.4, 3, [88, 129, 168]
#L2 88.0 -> 0.42, 2, [60, 114]
#L2 88.0 -> 1.04, 3, [99, 102, 161]
#L3 1.04 -> 2.77, 2, [99, 102]
#L2 88.0 -> 1.15, 2, [94, 166]
#L2 88.0 -> 1.36, 2, [88, 102]
#L2 88.0 -> 1.75, 2, [166, 168]
#L2 88.0 -> 1.82, 2, [60, 139]
#L2 88.0 -> 1.95, 2, [60, 99]
#L2 88.0 -> 2.3, 2, [100, 161]
#L2 88.0 -> 2.45, 3, [94, 102, 129]
#L2 88.0 -> 2.77, 2, [99, 102]
#L2 88.0 -> 2.78, 2, [112, 129]
#L2 88.0 -> 520.0, 3, [60, 161, 166]
#L2 88.0 -> 562.0, 2, [88, 102]
#L1 root -> 89.0, 5, [13, 137, 142, 157, 160]
#L2 89.0 -> 0.57, 2, [157, 160]
#L2 89.0 -> 2.6, 2, [13, 160]
#L2 89.0 -> 5.6, 2, [13, 142]
#L1 root -> 90.0, 4, [42, 87, 106, 165]
#L2 90.0 -> 1.68, 2, [106, 165]
#L2 90.0 -> 2.45, 2, [42, 87]
#L1 root -> 91.0, 2, [14, 173]
#L1 root -> 92.0, 5, [51, 109, 128, 144, 149]
#L2 92.0 -> 2.91, 2, [51, 51]
#L1 root -> 93.0, 2, [27, 156]
#L1 root -> 94.0, 6, [28, 52, 63, 85, 110, 136]
#L2 94.0 -> 0.22, 2, [52, 85]
#L2 94.0 -> 0.73, 2, [63, 136]
#L1 root -> 95.0, 3, [12, 24, 174]
#L2 95.0 -> 0.26, 2, [12, 24]
#L1 root -> 96.0, 8, [7, 25, 30, 121, 138, 141, 171, 178]
#L2 96.0 -> 1.83, 2, [121, 171]
#L2 96.0 -> 1.98, 2, [7, 30]
#L1 root -> 97.0, 5, [9, 76, 101, 143, 158]
#L1 root -> 98.0, 9, [10, 38, 39, 66, 95, 103, 133, 154, 159]
#L2 98.0 -> 0.83, 2, [133, 154]
#L2 98.0 -> 1.31, 2, [103, 159]
#L2 98.0 -> 2.8, 2, [103, 159]
#L1 root -> 100.0, 3, [2, 36, 62]
#L2 100.0 -> 0.26, 2, [2, 36]
#L1 root -> 101.0, 9, [3, 23, 31, 43, 48, 61, 75, 80, 140]
#L2 101.0 -> 1.19, 2, [31, 80]
#L2 101.0 -> 2.14, 2, [48, 75]
#L2 101.0 -> 3.13, 2, [75, 80]
#L2 101.0 -> 3.25, 2, [31, 43]
#L2 101.0 -> 3.56, 2, [43, 43]
#L1 root -> 102.0, 7, [15, 22, 47, 58, 123, 146, 175]
#L2 102.0 -> 0.43, 3, [123, 146, 175]
#L2 102.0 -> 2.41, 2, [22, 22]
#L2 102.0 -> 3.0, 2, [15, 58]
#L1 root -> 103.0, 5, [44, 49, 71, 113, 155]
#L2 103.0 -> 0.32, 2, [44, 49]
#L2 103.0 -> 0.58, 2, [155, 155]
#L2 103.0 -> 2.75, 2, [49, 49]
#L1 root -> 104.0, 3, [33, 65, 132]
#L1 root -> 105.0, 2, [11, 169]
#L1 root -> 106.0, 4, [32, 134, 163, 164]
#L2 106.0 -> 0.6, 2, [163, 163]
#L1 root -> 107.0, 4, [29, 45, 111, 162]
#L2 107.0 -> 3.0, 2, [45, 45]
#L1 root -> 108.0, 4, [19, 50, 59, 118]
#L2 108.0 -> 0.32, 2, [19, 50]
#L1 root -> 110.0, 3, [35, 37, 69]
#L2 110.0 -> 2.53, 2, [35, 69]
#L1 root -> 111.0, 3, [46, 53, 167]
#L1 root -> 112.0, 6, [6, 16, 78, 145, 152, 170]
#L2 112.0 -> 0.96, 2, [78, 170]
#L2 112.0 -> 2.85, 2, [6, 16]
#L1 root -> 113.0, 2, [4, 150]
#L1 root -> 115.0, 2, [18, 54]
#L2 115.0 -> 1.13, 2, [18, 54]
#L1 root -> 116.0, 3, [20, 56, 153]
#L2 116.0 -> 3.03, 2, [20, 56]
#L1 root -> 118.0, 3, [5, 55, 57]
#L2 118.0 -> 3.2, 2, [55, 57]
#L1 root -> 120.0, 3, [17, 176, 177]
#L1 root -> 345.0, 2, [95, 118]
#L1 root -> 380.0, 2, [124, 125]
#L1 root -> 415.0, 2, [104, 147]
#L1 root -> 428.0, 2, [76, 98]
#L1 root -> 450.0, 3, [62, 86, 92]
#L1 root -> 480.0, 3, [91, 152, 157]
#L1 root -> 495.0, 3, [87, 93, 117]
#L1 root -> 500.0, 2, [78, 151]
#L1 root -> 510.0, 3, [68, 107, 171]
#L1 root -> 515.0, 2, [84, 138]
#L1 root -> 520.0, 5, [60, 85, 143, 161, 166]
#L1 root -> 550.0, 2, [144, 150]
#L1 root -> 560.0, 2, [133, 178]
#L1 root -> 562.0, 3, [88, 102, 111]
#L1 root -> 580.0, 2, [130, 139]
#L1 root -> 600.0, 2, [134, 141]
#L1 root -> 625.0, 4, [90, 97, 121, 148]
#L1 root -> 630.0, 4, [63, 83, 131, 170]
#L1 root -> 650.0, 2, [135, 149]
#L1 root -> 660.0, 3, [99, 159, 173]
#L1 root -> 675.0, 2, [154, 164]
#L1 root -> 680.0, 5, [44, 61, 89, 110, 162]
#L1 root -> 695.0, 2, [136, 167]
#L1 root -> 750.0, 4, [69, 79, 169, 175]
#L1 root -> 780.0, 2, [21, 142]
#L1 root -> 830.0, 2, [26, 146]
#L1 root -> 845.0, 2, [20, 25]
#L1 root -> 880.0, 2, [37, 158]
#L1 root -> 985.0, 2, [48, 74]
#L1 root -> 1035.0, 3, [23, 30, 42]
#L1 root -> 1045.0, 2, [9, 10]
#L1 root -> 1060.0, 2, [49, 55]
#L1 root -> 1065.0, 2, [1, 47]
#L1 root -> 1095.0, 2, [35, 43]
#L1 root -> 1150.0, 2, [14, 51]
#L1 root -> 1280.0, 2, [12, 17]
#L1 root -> 1285.0, 3, [28, 31, 59]
