#n° ant. => consequents [support, confidence]
#1 0.6, 0.87, 2.11 => 570.0 [2, 1.0]
#2 0.6, 0.96, 5.58 => 0.87, 2.11, 570.0 [2, 1.0]
#3 0.6, 5.58, 0.87 => 2.11, 570.0 [2, 1.0]
#4 1.61, 1.06, 2.96 => 345.0 [2, 1.0]
#5 1.61, 2.06, 1.06 => 2.96, 345.0 [2, 1.0]
#6 2.0, 0.27, 1.04 => 4.68, 1.12, 3.48, 510.0 [2, 1.0]
#7 2.0, 0.3, 1.43 => 2.5, 1.38, 3.12, 278.0 [2, 1.0]
#8 2.0, 0.34, 1.61 => 2.06, 1.06, 2.96, 345.0 [2, 1.0]
#9 2.0, 0.37, 1.87 => 1.28, 0.93, 3.05, 564.0 [3, 1.0]
#10 2.0, 0.4, 1.4 => 2.2, 1.31, 2.72, 630.0 [2, 1.0]
#11 2.0, 0.9, 2.78 => 325.0 [2, 1.0]
#12 2.0, 0.93, 3.05 => 564.0 [3, 1.0]
#13 2.0, 1.04, 2.77, 1.04, 4.68 => 1.12, 3.48, 510.0 [2, 1.0]
#14 2.0, 1.06, 2.96 => 345.0 [2, 1.0]
#15 2.0, 1.12, 3.48 => 510.0 [2, 1.0]
#16 2.0, 1.28, 0.93 => 3.05, 564.0 [3, 1.0]
#17 2.0, 1.31, 2.72 => 630.0 [2, 1.0]
#18 2.0, 1.38, 3.12 => 278.0 [2, 1.0]
#19 2.0, 1.4, 2.2 => 1.31, 2.72, 630.0 [2, 1.0]
#20 2.0, 1.43, 2.5 => 1.38, 3.12, 278.0 [2, 1.0]
#21 2.0, 1.58, 0.4 => 1.4, 2.2, 1.31, 2.72, 630.0 [2, 1.0]
#22 2.0, 1.61, 2.06 => 1.06, 2.96, 345.0 [2, 1.0]
#23 2.0, 1.64, 0.37 => 1.87, 1.28, 0.93, 3.05, 564.0 [3, 0.75]
#24 2.0, 1.87, 1.28 => 0.93, 3.05, 564.0 [3, 1.0]
#25 2.0, 2.06, 1.06 => 2.96, 345.0 [2, 1.0]
#26 2.0, 2.09, 0.34 => 1.61, 2.06, 1.06, 2.96, 345.0 [2, 1.0]
#27 2.0, 2.2, 1.31 => 2.72, 630.0 [2, 1.0]
#28 2.0, 2.26, 0.3 => 1.43, 2.5, 1.38, 3.12, 278.0 [2, 1.0]
#29 2.0, 2.42, 2.26 => 0.3, 1.43, 2.5, 1.38, 3.12, 278.0 [2, 1.0]
#30 2.0, 2.5, 1.38 => 3.12, 278.0 [2, 1.0]
#31 2.0, 4.68, 1.12 => 3.48, 510.0 [2, 1.0]
#32 2.0, 19.0, 86.0, 19.0, 87.0 => 2.42, 2.26, 0.3, 1.43, 2.5, 1.38, 3.12, 278.0, 2.0, 1.64, 0.37, 1.87, 1.28, 0.93, 3.05, 564.0 [2, 0.667]
#33 2.0, 86.0, 2.42 => 2.26, 0.3, 1.43, 2.5, 1.38, 3.12, 278.0 [2, 1.0]
#34 2.0, 87.0, 2.0 => 1.64, 0.37, 1.87, 1.28, 0.93, 3.05, 564.0 [2, 1.0]
#35 2.02, 0.53, 0.62 => 5.75, 0.98, 1.59, 450.0 [2, 1.0]
#36 2.02, 0.62, 5.75 => 0.98, 1.59, 450.0 [2, 1.0]
#37 2.02, 0.98, 1.59 => 450.0 [2, 1.0]
#38 2.02, 1.41, 0.53 => 0.62, 5.75, 0.98, 1.59, 450.0 [2, 1.0]
#39 2.02, 5.75, 0.98 => 1.59, 450.0 [2, 1.0]
#40 2.13, 0.58, 1.76 => 3.0, 0.97, 2.44, 466.0 [2, 1.0]
#41 2.13, 0.97, 2.44 => 466.0 [2, 1.0]
#42 2.13, 1.76, 3.0 => 0.97, 2.44, 466.0 [2, 1.0]
#43 2.13, 2.24, 0.58 => 1.76, 3.0, 0.97, 2.44, 466.0 [2, 1.0]
#44 2.13, 3.0, 0.97 => 2.44, 466.0 [2, 1.0]
#45 2.2, 0.26, 1.77 => 3.9, 1.16, 3.14, 714.0 [2, 1.0]
#46 2.2, 1.16, 3.14 => 714.0 [2, 1.0]
#47 2.2, 1.77, 3.9 => 1.16, 3.14, 714.0 [2, 1.0]
#48 2.2, 2.53, 0.26 => 1.77, 3.9, 1.16, 3.14, 714.0 [2, 1.0]
#49 2.2, 3.9, 1.16 => 3.14, 714.0 [2, 1.0]
#50 2.41, 0.25, 1.98 => 4.5, 1.03, 3.52, 770.0 [2, 1.0]
#51 2.41, 1.03, 3.52 => 770.0 [2, 1.0]
#52 2.41, 1.98, 4.5 => 1.03, 3.52, 770.0 [2, 1.0]
#53 2.41, 4.5, 1.03 => 3.52, 770.0 [2, 1.0]
#54 2.61, 0.28, 1.66 => 3.52, 1.12, 3.82, 845.0 [2, 1.0]
#55 2.61, 1.12, 3.82 => 845.0 [2, 1.0]
#56 2.61, 1.66, 3.52 => 1.12, 3.82, 845.0 [2, 1.0]
#57 2.61, 3.52, 1.12 => 3.82, 845.0 [2, 1.0]
#58 2.7, 0.57, 1.96 => 660.0 [2, 1.0]
#59 2.7, 13.0, 0.57 => 1.96, 660.0 [2, 1.0]
#60 3.0, 0.28, 2.03 => 5.04, 0.88, 3.35, 885.0 [2, 1.0]
#61 3.0, 0.88, 3.35 => 885.0 [2, 1.0]
#62 3.0, 2.03, 5.04 => 0.88, 3.35, 885.0 [2, 1.0]
#63 3.0, 5.04, 0.88 => 3.35, 885.0 [2, 1.0]
